 -67   34   96  -99    6   38 -100    4  -19  -48  -47   94   55   44   33  -23  101  -86  -14  -20   76   83   56  -87  -66 -103  101  105  -39  -48   97   22  114   65   52   -8  -25   80  125   84  -96  -50   51   87  122  -44  -63   95   -2   51  -53  -54    6 -124  -13   68  -99  -39   46  -10   41   15 -115   27 
 -48   65 -108   56   17 -111   12   49  -33  -65    8  -39   20   73  -71 -110   -4    4  -35 -125    8   80   71   38  -87  -11 -100   82 -124  -87  -18  -43  106    2 -115   -5   19   25  -84  114   89   53  -53  -19   -2    4   -1  123 -119   92  126   17   45   69  -73   86  -69  -44   41  -65   -3 -105   20  -24 
  25   33   99  -84  -69 -112  -98 -108   69  -23    1  -61  110 -128  -66  119   93  -68    8   10 -126   64  -32  -67 -108 -119   -4   17  -96 -111  121   57   50   93  101  109  109 -125 -127   50  -19    2  117  -37    3  -76  -46  -32  -16   90  106  -14   26  -54   47   46  -44  -84  -64  -12  -67  -71  -82  111 
-106 -109   93 -125 -105   94   53    4  -31   43   95  100   95  -79  -60  -49 -117  -82   66   38   -8  -15  -44   76   29   20  -63   90   78  -17   74  100    2   39  104   25    5   29  -99  102  -56  124   74  -89  -83 -114   -9  -71  -68  -71   95   53   42  -77    1  -56   72   66  -94   22  -79  108   -6   52 
  19  -30  -51 -103 -128  -21  127  -56  -25   74  -16   21   88  103   78 -107  -96   45   74   74   96  -53 -110   40 -114  -75  -66  -65  -95   57  115   53 -101  -63   78 -101   44   77  -28 -109   23   84   40  -16   59  -10    5   91  -93  -49   37 -124   26   56   44   40  109  107  104 -114   36   91   67   63 
-100   17   91   72  -33  -65   92  118 -109    4  -26   78  123  107   41  -98  -70  -50  -94   85 -122   79   -3  115   58  -27 -126  -34  -63   69  -99  -35  -41  120  -90   54  -73 -126   44  -54    6 -109 -104    1  126   65   32  -71 -112   66 -114 -106   17   11 -118  -53  113 -116   41  -78   81   71   15  -88 
  63   53   94  119   55   11  -63  -66   30  -38   63   28 -101  -33   85  -85  -94   99  -62   51  -17  -52  127  -32  -40   40   18  -87  -17  -95  -46  -81   87  -80  -90   14   59  -25   76  -39   65   12  118   93  107   75 -120 -115   47  -54   65  -98   22   64   -2  110  -24 -112 -104   88  -79  -22 -121 -120 
  26  -83   23  -42   20  -29   47  -42  111   37  -77   91  -15  -69  104  -96    6   41  -66 -100  -23   60 -117   82   76  -93   42  125   13   49 -122  -89   94   29   -3  -14 -128  -83   72  112   82  123   75  -61  -73   51  -29   61  -35   33   89   70  -35  100   24  -87 -121  -62  -89   20  115  -83   60   81 
  74  -71  -60   74  -26 -116   58  -71 -120    5   -4  -65  -71   96  124   22    1   85  -36   95   58  117 -120   65  -73  -81  -42  -85  -36 -110  124  -90  -53  -64  113   50  -51   43  107  -43  -79  -25   20  -22  -57   16 -128   73  -27  -36   40  -97  -47   48   97    9   96  -73   52  -68  -55   48  -29   20 
 113  -44  -58  -66  127  -79   19  -80   25  -89   26   96   55   26   41 -100  119  -47  -68  -56 -126  -99   81   98  -44    5  -98   29  -74    1  -79  -89   85   -8  -27   85   41  120 -123  -62  -97   32  -93   86  -70   76  114  -79  -98  -82   -6  -96  -53  -53 -126   31   81  -96  -68 -121   34  -18  -82   -9 
 102   19  -52   15   11  -46   82   42  114  117    0  -84   65  -14  -34   95   33   88  127  108  -93 -127   12  116  -94   72  123   68  -74  -87  -69 -100   60    8   44  -57   90   -2  113   76  -13  -15  120  -76  100  -42 -108    5  -82 -109  -15  -46 -107  125  -58  -73   70  -62  123  124  -21  -74 -103  -88 
  62   69  -17   24  -61  -31  -28   54   82  -35  106   54   51  126  -69   98 -110   45  -76  -89   42   -6  -34  -16   60  -39  -19  -88   15    6  -48  -50  -53   63  102   14  -96  -53  -60  115   40  -82   41  -37  -83  101  -67  -65   18  -15  -26  -68  108   68   45   40  -99 -102   80   44   32  -96  122  107 
  96   97   -7 -128  -84   61  115   84  107   29  -81 -104    2  -19  -41 -108   94   61  -48   74    1  125  -13   30 -105  -61  -53   55  -28  -59   34  -60  -90 -101  -60  -46   88  -72  -90   68   85  -42   92  -41   67  -76  -21   33  113   59  -20  -13   57   95 -111   80  -94  -36    8    6   34  -86   74   72 
 -58 -113 -101  -98  -57  -63   98 -100   23   63  -13  -38  115   94  124  100   25  -24  -41  -46  -57  -23  -93  -23   69   43  112  -25   85   58  -80 -101   73  -53  -70 -112   12 -100  -84  -92   91   31   -2   78   -3   -6   51 -105   98 -118  -23  -87  -13   12   19  -71  -73    3   32 -115  -67   80  -88 -121 
-101  -30 -105   40   -1  -60   76  -38   99  -54  -87  -31   69   92   -8   39  102   97   81  -38  -18  -28   19   37  103  -77   50  -92 -124   91  -85  -97  -67  -61   71   60    7   19 -105  -22   94  -64   75   35 -100  -61  -54 -126  -91 -101  -36   19   -1  111  -72  -26  -93  107   11  -89   70   54  -58 -125 
 121 -114   64    0   33   87  107   -1 -105   54  -94  -77  122  -19  -75  -97    8   18   50 -120    1  106  -18   36   85  121   75   27   48 -110   31   41  -96  -33  -86   65  -74 -107  -63  -51   75  -29    0   69   80   53  100  -39  -57   22  -31   73    1   79  -19  -42   73  -71  114   -7  -53   17  -94  -21 
