  11  -63  -17   87    6   70   90  -57   57   94  127   55  118  -24  108  -98   46   48   10  -27  -56   65 -128   -2 -128 -110 -116   71  122    6   68    5   71  -77  -36  -51  122  -74   20   51 -108   19  -22 -117  124  -42  -87   42 -122   51 -113  -49  -11 -113   77  -11  -95   90  -67 -101  -32 -127   32  -89  -76  124  -11  -82  -77 -119   97  -57   29  -52  -46   25   34   -5  -61   41  -81  -45  120   36  -30   69 -103    4   31  -42   31  127  -41  -64  -89   12  -68   28   58  -17   37   28   55  -62  104 -119   91   10    5  -97  -77   52  -14  -85  -40   84  113  -15  -40   16   72  120   16  -97  -72   55   43  -12 
 -45  -26  100  120 -126   27  -69  106   36 -106  -12  -87  -75   40   93   39   83  -75   -4   68   39   84  -43  -17   76  101   14 -124   28  -70   -7  111   32  -35  103   34  120  -94   12   28  -71 -128   70  -18   40   35 -106   -4   89   18  -64    0  -26   21  111  -77   -6   -3  -73 -106   55   48 -123  -41 -115  109  121 -123 -113    5   34  -56    6  -24   55  -82 -117   77   42  100  -33  107  -28   69    0  -45  120  123   81  -80 -111    8   96 -105   96  110 -124   89  115 -109  -33   21  -36  101  125 -109 -109 -119   96   62  109  -65   41  -46 -124  -87   37  125  -92  -10  -83  -74  127 -115  -51   95  123  -47 
  56  111  -28 -105    4   64  124    2   83 -112   11   51   78   -8  114   -9   74  119   32  -16  116   69  102  -95  123  101  -82  -56   68  -86   25   -3 -103  125   20   29   62   17  -97   17   33   42  -59  -17  -93  -73  102  109  -82    6  -35  -94  -53  -60  -61  -58  -87  -14   14  110   28  -89  -21   53  -91  127  -46   99   16  -14  -12  -79 -100   57   32  -65  113    6  -83  -97 -115   10  -62  -40   78    5   31  120  119  -83  102   19  -43  -47  -56   -6  -48   27  -35   97 -115   81 -110  -87   11   51  -23   -4  -71   22   27  -58  -96   93   31  111  -29  -66  103  -38  -21   77  110   64  -98  -74  -70  -18 
  81   23  -49   94  -23  -30 -120  116 -107  -15  -16  -50 -121 -117   21  -89  105  -76 -106  -52  -14  125   38   93   74   20   30  104   75   88  -41   28  -16   38   -5   89 -120    3   77  -99  116  -67  -20  123  -56 -127  -94  -79  -75  -71   -3   39  -74  -92    4 -127   56  -94  105    3  123  -64  -96  -21  103   27  -60  111  -98 -111 -115 -110  -50   -7 -115   22   -6  -81   72   47  -24  -59  -42   31  -23   90   32  -94  125    9   37  120   74   69  -29   49  -32   39   32   -2   56   45   16 -122  -90   29   28   32   77  -28  -49  -75   42   37   84 -109    0  -12  -75   -3  126   91  -11   72   32   88   -7 -127 
  -1 -103   -1  -73   71 -112  -67  109   45   89   14   -6  -66   93   48  104    3    4  123 -125  121  -79    0  119 -116  117   63   44   77  -72   45  -52  -47  -83    3 -104  -67   64 -122  106   25   20  -27   87  -15 -107   63  116   25   59  119   18  108   -9    9  120  -20  -56   36  -71    0  -46    5   82   -1 -120  106   60   72  112   38  -30    4 -117  -71  118  -96  121  106   58   52   98  -52   32  -39   86   24   70  -98  -68  127   31   14    5  -15 -115   13  -37   73  -42  -52  -16   56   80   -5  113   70   28  106   49  -42   30   19   34  -66  108   -8   86   50   23 -109   50  -74   33  -73   39   47   68 
-126   -8 -102  -50  104   82  -97  -28   68  101 -128   46   22  -42  -51  -87  120   11 -106  -15  -30   72 -120  -11   -6  -66 -106   49  101   69  -10  103  -66   16  -74  -90  -29  -43   10  -89  -70   10   85   81   96  -94  122   89   46 -112  -54 -112   89  -46    5  -45   16   27 -123  -11  -31   -5  -36   31 -117   18   69  -18  103  -48   21  -94   90  -21  115   59   13  109   20  -69  126   94  -53   87  -80   80  -86   64  -20  -81  -75   77   42   17  -20   54  -92  -79  -92 -117    1   58  -83  -36  -91  -96 -105   50 -114   43  110 -116    9  -71   99   57 -118 -115   -7  -10  -67   46  -61  103  -65   47   29  -29 
  96   66  -17  -30   -4   28   62   33   61   85  -45   75    0  -63   87 -119   -5   58   66    5   71  -69  123 -124  105  -66  108  -88  109    9   12   77  -53  123  -81   71   23  109  -24  -44   66   60  -97  -62  125  118  -53   -8   48 -115  125   -8  -56  120   -4  -79  -74  -24  -38  -93  114  102  113  -67   97  -96 -123   -8 -114  -19   77   80  -87  108 -109  -89   99  -34   31   19  -20   29 -117   52   21    8  102   76  112  -64  111   98  -90   96  -96 -121 -127  -91   -1 -113   18  -52   95   60  -71  114   99 -100  -47    2   47   61  -97   59  -15   53  -61  -41    1  -77   23  -16 -106   61  -47  -74   68  -46 
 -37  -60  -31  109   16  -64   41   73  -77   12  101    4 -113   21  -63  -82  -48   50   99   19 -118  -28   70   33   85   92  -33  -90 -110  -93   -8  -19  -25   89  -37  120 -103 -124   65  -52   17   39   80   32  -68 -111   78   12   68   50  -97   78 -106  101  -17  107   66   78 -111   84  114    9  -62  -39  -30   29  -47   -4   33 -109   72  -78   58   25   82  118   42   33    2  -18  -45   33  -68  -23    6   44  -43  -56   -6  -26  -99  -20  112  -33   70  -46  124 -105   78   29  -86   23   80  100  -80   34   90   90  -61  -36  -55   22  125    5 -128    4  -79  -43   76   44   59  105 -104   43  -56   94  126  -60 
 118   76   98  -96  -29   50 -123   19  -44   95  -18   24  -68   55  -82  -71  -68  -82   61  -18    3   10 -102  -65  -13  -78  106   60 -111  104 -128 -121   53   98  -89 -104   20  -84   44  105 -116 -102    1  -56   81   47    1 -115   94  -65   -5  -31   73   21   32  -68   72   11  120   89  -13  121   96  -88   91 -121  -63  -16  -76  109  -39  -64 -121   90    8   88    9 -119  101  -25  -56  -31   73 -111  118  -23  -50   62  116  -58   23  -24  -65   -9   16 -101   -1   81   11   51   62  100  115   69   62   -5   29  -57    4    3   47   77  100   -8   94   90   97  -84   25   86  -13  -80  -66   50   40   78   77  -89 
  32  -40   90  -34  -68   77  -92  122  -56   65  -62   76  -60  113   25  -88  -23   -8 -125  -54   36   28  -96 -105   76  -34   74  -12  -83   23   27   77  112  -11  -85  -84  -62  -49  -89   10 -111  -23  -41  -43  -38  112   -2   67  -24    1 -115 -115  -99  -82  -92  105   12  110  -34   57    6  121    6  -10  -17   50   34   49 -127   73  -68 -110  -78   19  -24   12    3  102  -49  108  -25  -35  121    4   11  -99  -19 -105 -116   75   81   18   69  -41 -120  -76 -119   42  101 -117  -12  -95  -99   38   52    5  -77  -72  -21    2  -92   82   95  -99  -42  -22  -70   68    2  -58   15  -45   88  -44   42   96    8   52 
  11  -18   63  127   15   92   37  -60  -30   88   -4   77  -37   32   32  -70   61  118   37  119   58  -89  -66  -54   -6 -106   30  -92  119  -89   88    2   21   23    1  -92  -12  -90  -24   86  127  100   35  -38    4  -61   20  -63  -70  -71  -71  116  -32   -9  -66   90   13   93  127    4 -124   87 -122   25  -17    7   61   99   46  -90   57   45 -118  -36 -121   15   32   27   80   90   85 -119   78  -75    0 -115 -112 -114  106 -113   18  110  102   25    7  -43  -96  -60  -72   78  -22  113   -5  -11  -50    2 -124  110  -98   84   72  115   94   22  -88  -34   35  -72  -20   13  -57  127   -5  -82   24 -126    3   56 
 -57   60    7   49   45 -126  -90  123    5  -86  105   35  127   49   22   93  -56   62  -69  107  119   40   -7  -66   39  116  -20  -65  119  112  119  -66   44   -2  111  -39    1 -106  -43 -122  -64  -66   41  -65  112  -65 -100  -72  125  -40  -93  116 -128   28  -77   39   17   31  102    8   15   93   70  -69  -36   53   21   93   75  106   99 -116  -88   12  -53 -104   75  -24  -48   72   64  -12   61   64 -112  112  -25   33   15  -51  -87  -97  -86  111  -38    6   37  111  -29  -16   89  -58   -4 -126   82   72 -102   29  -80  -21  -26  112   95  -93   48  111 -109 -105   17   34  -28   58   65   14   42 -100 -107  -49 
-117   -8   63  101   63  -68  103   17 -124 -127  -81  -76  -20   21  -92  -53   56   84  -69   75  107   76  -19  -49    6  -81   93  -80  -53  114   -1  -42  -21  -65  -69  -86   -5  -94   59   -1  -92  106   51   16   -1   87   92  -73   43 -105 -126   22   99  -16  101  -23   31   66   26  106   53 -103  -64  -96  -40   -4  -54   83   30 -123  -46   66  112 -123  -45  -17   92  -81   39    7  -58   41  -99  -87 -103 -126   18   56   69  -84   34   -6  -58   99   26   30  -33  100  -14  125  105   68   64   89   74 -109  -55   38  -62  112  -82    8   25  -53   49   51  -50  -61  -21 -109  -16 -114   13   54  113  -89  -44  -48 
-117   70  -51  116   11 -115   78  -43  -96 -105  123  -30 -121  -87  106   32  -11   27  -45   67   95   63   86  -49   77  -29 -123   62   10  -39 -114   21  -96  -37    9   43  -23  -41 -128    9  -18  123  108  -11  -91   86 -106   26  -14  -23  -35  -47  -88  -77   32  117   22   37   51  -96  126   65   53  -98  -99  -66   73    6   22   73 -113 -124   69  123   -6  106   82   16    4  -60  121   97   21  -94 -108  -75 -105   42   90   75   74   88   12   -1  119   41   61   64  -81  -45   10  -65  -40  -49  -70   82  -71 -116  -30   61  -48  -37   30  101   -3   50 -102   21  -36  116  -32  -90   77  108   37   68   22  -30 
   4   69   54 -114 -124 -114  -35  -65   96   22  -53  -62  -45   28   29  113    1 -101   35   28   48  127   16 -112  -91  -35  124   74  -95   18  -83   38  -40   99   52  -36  113 -110   27   81   40  103 -109  124    3   48  109 -124   75   17   32   -5   16  -79   11   54   14    8    0   48 -102   45  -42  -14   16 -118   79    1 -100  -22  -46   69  -47  -27   65   84 -106   46   89   97  -65   -7  -35   80   42  104    6  -71  -16 -122  105   11   52  -65  125  -60  -55   76   70  -26  -73 -104  -85    8   -2  108  -35   20   26  -74  -11   90   47   82   42  -38   59  -80   19  -85  -74   -4   54  106   59   52  -81 -124 
   0  117  -22   55 -115   21  -64   11    1   29  -97 -100   83   21  118    2  -25   32   92  -94   80  -17  -50 -122  107 -124  113   38   56  -96   43  -71 -107 -107  112  -94   43  -80   46  -84   77   77  -56   32  -30  -66  -93   74   94  127  108   46  -17  -70   53  -38  -65   38 -127  119   70   44  -80   91   65  -95  125  -20  -47   43   25  -97   -7   97   63   91  -96   98   37  126   98   18   45  -47   76  -30   43 -117 -120   44 -125   78  -40  -77   41 -102  -44   38    6   38  -46  -97   69   75 -127    4   38  -95  -25  -52  -97  -55   94   76   26   42  -82  -59   54  -74  114   57 -124  -54  108   45  -28  -63 
 -44  107  103   38 -118   44  -15 -117  -80 -105  -84   23  -29  -52   96  -63 -104   -6  108  -57   64   34   -3   50  -37    2  124  -57  -81  -31    8    3  -52  -17  -87  -42 -101   26  -30  -52   50   14   99 -107   90   68  -41  115  -66  -61  -70  126  101   55   48  -64  -71   45    7  -23 -114 -112  108  -38   -1 -106   48   27   48 -110  103  -30   33   74   -8   -5   14   79  -18   77 -110   40   75  119  -32   -4  -73   25  -87   62 -126  -73   78  111   17  -50 -123  -63  105   53  -44   80 -104  117   26   16  -16  -87  -33   95  118  -15    7   65  -24  103  -67   31    1  -26  -35    3   29  -84  -14  -82   -6   -9 
 -16  -29  -83   68  -77  -59   57   77   85  -87  118  -76 -120  108   37   16   46 -115   -9  107   44  120  -46 -119   -4  111  -75  110  -98   47  -26   14 -110   19  -46  -59   88 -117 -109   45  -76 -119   97  -67  118    6   77   36   19  -60   15  -65  -67   97  -56   57   81   -2   39  111  -83 -115   -3  -64   32   79    5   -8   90   24  -91 -114   34 -122  -53   24   12 -104  -68  -97  -35   75  -34   26   45   39  -45   -2  -91  122  -19  -46 -120  106   18   40   57 -104  -95   19   48  -58   33  -46  -51  109  106   89 -123  -90  121  -30  114  -41  124   31  126  -49  -99  -93  -54   10  -10  -46  -12 -120  122  -83 
 -96 -101   64   81  -30  -31  -93   47  -50 -114    8  -44  -76    1   54  -90   89   51   69   87 -126   98  123  -52  -20  -15   30   96   -7   25 -115   26   52   77  -21 -106  -81   14   69   -3   28  -50   81   81   79    8  119   40  -69   61    0  -67   31   -5   10 -116  108  -88  108  -27   65  122  127  -10   71  -22   12  118  121  -46  -12   21   32  -59  -26  -17   77  -34 -104 -120 -101   24  -58   58 -109   80   70  127  120   51  -28   58   45  -28  -80  -12   78   60  -21   71 -114   95  -35   46  -92   67  -98  114  -95  -74  122  -68   78  -64  119   97 -112   61   96 -119  -16  -60   67  -99   40  115   18   -9 
  47  125  -66   62   92   27  -20 -128  -33   10  114    0   64  109   61   14  -83   52  -17  -66  -15  -49  -57   98   20 -118  127  -68  125   17   51   44   14  114  -22  -22   13   87  -21  108  -31  -35  -19  -94  -54  -86   48   -8   94  -96   54  -49  -17  125  -79 -125 -121  -79  -64 -124   66  115   48  -47  101 -101   59  -13  114  -90  -33  -45    4   76  -11   78  118  -90  -58   84  -58  124  -92   53  121  -43   57 -128    6  121 -124  -55  108   53   26   82   80  -43  -59   66   -4   36 -107 -128  -15   11   78  -25   49 -107  -68  119 -111  -32   44 -117   53  -27 -117  -68  -34 -112    5  -53   69  -97  -99   21 
 -12  -30  -41  112 -122  -20  112   -9  119   63   95   40   84 -101   31  101   -5  -52  112  -80   49  124  -20 -112 -116  113  -37   81 -112   -8  -26    5   90   61  -11   96  -87  -26  -40  -95  -91  -73   73  121  -46  -23   94   77   53   79  125  -26   75  -22  -10   87  -37   81   40  -20  -55 -114  113  -93   75  -26 -124  116   76  -36 -107  113   19   95  106  101  -56   73   50  125   24   47  -29  -29 -103   90  -70  -11   43   98   97  117  112   82 -104   59  -72 -100   47 -123   -8   69  118 -117   36   97  112  108   42   34  105  -62  -46  -52   37  -21  -90   95   96   82   65   65   71   49   19   95  -20   76 
 124 -101   81  -12   96   71    0    4   40  -16  -16  -46 -109  -39   20  -27   38  -71   80   76 -104   49   30   89  -14  -27   10 -122  -59  118   82  -63 -110   35   53  114  -22  -75   -9 -109   38  103  -27   57  -63  122  -98  103  -77  110   51  -52   31  -46  -91 -110   55   48 -104  124   38  106  -67   56   13  115   43  119  -88  -94 -118   78 -119  -16    7  -54  -22   37  -79   29   20  101  105  -77  -73 -113  -59  110   63  -35  107  -27  -57  -88  -98   84 -101   73   76  -60  107   86 -110  116  -58   26  -65   48  -65  -16  -50   83  -43  -73 -121   12  -58  -52   -5 -123   42  -26  -21  113   14    9   70   42 
 -46   18  110  -67  -24 -128  -79   47   26  -16  -33   90   97   45   45  -74  101   52   67  -85 -127  -66  -79   43   36   28   28  -78  -91  -30   92   -9  116   74   52  -35   75  101 -116  -27  -42  -21  -65  -73 -103  109  -19  126   33  -80  -87   34  -18  -38  -51 -110  118  106  -59 -101  -52  -95   18  -63  108  -58   30   55  -84   42 -100    2 -107  -36   57  -82  -55  -90  -84  106  -41  -42   13   69   48   90   88   39   68  -99   66 -111  -66  -43  -46  -86   27  112   97   71   26  126  -55   47  -38 -126   94   35  -87 -118   13    0  -32 -102  -59 -111  117  -99   56   57  -70   -6   74   -7   79 -100   35  -21 
-116    5  -78   38    3   -4  -42   93   -2  -76    0   39  -66 -115  -89   31  -88  -19   48  -99   10  -24   86   69   98   33  -66   50   61   97  -99   74  -26  -49  -16  105   75   70   70  -54  122  -58  113  -71  -44 -103   88   -4    6    8   25 -112  112  -17   85   82 -112 -109    4   78  117   33   24  -37  113 -120  -59   60   79 -117 -122   73  -46  120 -126   38 -111   90  -94   23  -30   59   39  -46  -86   -3  -91  -69   16   41 -119    5  -53   33   97  -68   41  -90  120   -8  -79  127  -62    3  119  -60  -87 -120  -97  -53   31    1 -122  -58   84  -79   67  121  -20  -44   34  -11   89  109 -106   58  -87   63 
  96  -94  -72 -110  -95   -6   21 -104   62   63  -96   93 -118   63  -33 -111 -123  -77  -62   73  -84   46  -99   78  -93  118   60  -71   49  101  120   17 -121  -80   35  -88   42  -71  -64  -23  120  -32  -58 -126  -97   37 -109  -91   88  -43  110 -124 -125 -117   83  -90 -127   15  -33   50  -12  -40  -60   -4    8  103   36  -77  -96  101   28 -104  -59   98 -101  -27    8  -82   10  -32    4   -8  -27    7    3  -72   46    4   71 -115  -73  -69  -27   -5   55  110  -30  -36  -95    3  -63   61   27    6   31   54  107  -89  101  -11    8  -23  109  109  112  -16  -91   30  117  108   44  -84  -89 -111   39   95  127 -119 
 -69  -96   12   -4   93  -88 -126   -3   94  110   36   67  -29  -84  -84  -47 -103  -99   65  -66   59   54  -86  -25   98  -46   -7    9  -79   -8   19  -20   25  -97  104  -10  -57  106  115  -90   88   24  105  -68   68 -106   13   94  -77  -50 -100  110 -123  -57  -42  103   25   79  -15   74  -57 -124  -74   96  -93  -98  -41  -21 -120  -54   17   97   98   -6  -99   39   16   42    5   67  120   33   50  125  104 -120  101    1   87  -42  -53  -98  -38    1  127   -3   31  -42  104   40   32   -7    9    3  116   38  -86    4  -48   47  -56  -56  -48  122  -58  -71 -126  -85   58   89    1 -122  119   91    7  118  -40  -89 
 -52  -63   79  109   58  -40  -16   46  126   26  -77  -50  -55   -5   22   25  -11   92   82   -9 -121   13  -48    8   19  -57  -29 -102  -66   60  -63   10  125 -112   -9   55  -24  103  -26  -26    1   25   52   74 -108  -53  -28    9  -89  -74 -128  -81   67  -48   55  -42   23 -101  -15   85   87   50  -32   84   67   87   11  -85   63  113   18  -64   10  -58 -117   30   17  -17  -89   57   37  -89  104  -23   -9   31   63 -113   58  -80  100   17   99  -60  -27   38 -100  113   81   91   98  -29 -101  -19   42  -90 -117  -69   21  -77  116  -69  -38   92   36   82   -4  -29   97  -74   20   69   72   -9 -118  -83  -99  -90 
 -98  110 -127 -127  -46 -100  -18  124  -61   -7  -73   88   44  -84 -109 -121 -120   55   89    4 -101   58   59   47   -1    3  -90    9   48  -61   47   79  -79   48   80    3   77  -66   -1 -112   55   55  104  -28   99  124  -21  107   51  -60  -16   78  126  -85   -3   -3   46   35 -121  -34  102   54  -83 -104  -25  125   27  -76  -69 -101  -60  115   82  -84  -41   53  -88   66   32   92 -122 -112   42 -124  -69  -88    1  105   75    8  -56   50  -65  -11   74   38  -13  -27   90   46    0  -98   33  -46  -54  120 -121  -13   58   40  -49   64   56  121   68  116  -95  -58   93  109   78  -91   31 -115   27  -23   51 -114 
  78   13   60  -49   43  -34   33  118  -42   41  -23 -111  -47   56   81 -119   49   22  125   83   92   91   64   42 -128  -33   56   27   72  -21   41   22  121  -26  101   36   68    7   26 -102  -80 -125  -85    1   59  125   10  -19   19    8  -64  -17  -29 -128 -103  -29  -33   81  127  -89  -67   40   61  -74 -114   35   90   82  -86  -11  109  -38   -8 -104   91  -76 -107  -27   33   40  109   97 -105  -48   97  -79   52  -64 -126   51  -25  -65  -37  -92  -11  -22   71  -48  -68  113   69  -87  -53  -67  -62  -90  -15  -41   12 -110 -128   -7  115 -105   74   84  -56   -2 -108  -53  -79   -5   10   12   32 -128  118  -25 
 -48  -77  -39 -107  -36   36  -46   30   75   68  118  -41   86  118   80   74 -115   26   30  -42 -104   51   33  -55  -82  -85   86   78  -85   76  -74   -5  127   15   16  -36  -77   99  122  126   39  112  -43   -3  102  -90  -57  116   64  102  -54   89   25  107  -94   71 -106  120   22  -62   69   76   61   68  -37  -50  -96   14  -79 -101   13   88 -117   98  -43  114 -120   29  102   73    3  -80   34 -100 -101   68   99  -79   61   -7  -13    2  -59  -79  -58   32   -1  -25  -81   48    2   60    8   13   30   93   -1   39   -6  -27  -16  125   21 -110 -103   48   86  125   98   19  -10  -43 -107   60    6  -36  -36 -123 
  67   11   53  -59  -57  -67   82  102 -101  -46   13   21   55  125   19  -51 -113   44  125  101   41   95   -7  -96  -75   14   92   59  106  -72   65   45   68  -10  114 -117   52   69  113   79 -105   -2  -28   78   -5  119 -101   10   36 -103  -16  -51  120  105  -19  -83   -9  -55  105  -30    2   42 -113  -58  -96 -126  -47   84   71  -61   35   94   65 -120   44  -67  127   72   71   35   97  -73  113   89  -96  -34 -121   24   40  112  122  -86   26 -119  -16   58 -117   65   15   82 -124  -78   48   70  -70  -35 -125  -70  -91   74   93 -122 -126   78   95  -94  -83  102   58   85   86   52  127  -16   62  -17  -85   73 
 -80   58   28  -75  108  -52  123  -89   41  126  -31   78   72  -66   84   74 -115   52  109  -70   26   39 -113  -15  -36 -114   97 -102   -3 -116   99   45   70   -1   98   51   76   93   90  -11   91  -69  -60   36   -7 -104  -18    6   76  -37   64  -25 -125   79   88  -33   93   57   -7  -38   70  -36 -120   12   92  106  -65   40   72 -103  -99   35  -44  -31  -57   78   -6   54  -44  -58 -111 -107   45 -108  100    5  -13   66  -65  108 -100 -123  -55  -92   17  -91 -113   81   77   87  106  106   -6  -65  -52   66 -115   70   -8  -31 -116    9  -10   58   30  -37  -65 -111  -99   -2  126  -71    3  -57  -34 -107  -20  -19 
 102  -71  -60   80  -93   62 -113  -17    0 -100  -75  120   -2  -62    2  116  124  -96  -49  -69  -79  -20   58  -81   38  -67  -10 -124  -46   98  -15  -72 -101   53 -119  -65  -13 -104   46  116  -75  100  108   51  -90  -18   39  -94   14  119  -35   64  -29 -105  111 -119  -43  -26 -115   39  -56   -2   96  -28  -77  105   35   39 -127  -47   27  -74  -75    7  105  -37  118   17   -3    4    8   91  -60  107  114  -76  117  -57   26 -126  111   98    1   79  -58   52   56  105  -37   57  -69  118  112  -16   -2   89   76  -12  -22  -55  120  114  -92  -67   94 -105  -15   83  -34 -117   85  -51  109  -42 -100  -76 -117   84 
 -99  -26   14  -40  -35   -2   73   91  -41   21  -49   66   94  -57   52 -125    4   18 -102  117  -27   -8 -128  -69   70  110   17   98  -94   28   55  -65 -125  -59   24  -32   67  -31  -69 -102  118   10   92   84   81   17   87  -42  -93  113  -53    9  -22  -52   68  -80  -70  -43 -110  -36  114   73   27  117 -114  -77  -43   81   20   16  108   10 -102   72  -33  107  -39  -74  -63   -3  -88   13 -122   18   89   74   66 -109  -97   84  -17 -111   30 -118 -122   44  -66  -37   -2   82  107  -22  -35 -123  -78   60  113   12  114  -78 -119 -102   63 -113   44   24   89  -18   43  120  -61 -102 -118   97  -91 -112   13  -29 
 -20 -117  -75  -41  -11   18  -35   40  -50  -50  -76  -63    0  -67  -37  -64  -52 -120   88  -91  -10    4  -99   57   30  -89   26   67  -72  -88  -90   36  -77  -36  123   41  110  -40  -47  -67   38    5   -2  -89   66   89  -25 -114   97  -65  -77  -40   67  -48 -111  -30   -8   44  -91   48   84  -52  -44 -121   40  -49   48   22   40 -127   83  -50    6  -47  -11  -56  -85   92  -42 -116 -100    9  -28   95   90  -10  -63  -46  -94  -25 -126  118   51  -42  125  -37   37   46  113  -51   47   69   28  -74 -106 -111   -2  -63  110   85  -50 -118  -34   50  105  -72  -88  -85   10  -54   18   12  -64  -59   98  -66   32    8 
 108   17   85   27  -42  -15   81  -19    3  -48   46  -15  -91  124   -5    3   47  -28   60   87   15  -58  -94  -95   83  -30  -26   53   32 -122  -67   12   24 -109  -88  110    4  121  -37 -121  -55 -118   -8  -18 -122  115  114   53  -40   46   13  103  116   47 -119   71 -111  -17   -3   50  -10   58  -66 -114   77  -26  124  -46  -32  -40  -39   41  -30   82 -104  -24   69 -118  -98  -99   56   43 -123   44  -38 -114  -12  -21   -3  113  -99  115   43  -36 -127   -7   66  126   75  -94  -42  -92   76   56  118  100  -96   60  110  -66   89   38  105   94  -46  -61  108   70   47  -22   55   76  -35  -29  -88  -33   92  107 
 -35   39 -115   51   75   89  -21   66   61   11   -2   43   74  -41  -47   51  -74   36  119  -94  -22   38   12  -94  -14  106    5   27  -55  -31    6   38 -120   19  -39   83  -19   68   21  -86  -49 -109   86 -103  -21  -89   77   33   75   68   67  -74  -22  -48  -40   92  -70   93   -9    3  -66  125  -87  -58   17    2 -103  126  -58   47  -88   21   66  126   47  -83  -90   -4   78  113  -64   18  -89   42   98   -1    6 -100  -36  126   31   26  123   72   96   12  -54  122   10   16   41   51  -91  -21   49   84   25   87  -48  -25   73   16  121  112  -70   91  -16   65  119   76   63   22  -25   58  -34  -57  -57   40 
 -63   81  -72  106    4  -34  -42  -74  -78  111 -115    3  -42   86 -109  -48   71  -50  -85  -73 -113  -93 -125   78   57  -22    8 -104   50   79   64  115   33  121   94  -91  -41  -76  -37    9  -93  -23 -116   -7  -65  -96   73 -122  -18  117  -67   -3 -104  -63  -53   81   43   83  105  -35   35   42  -47  -60   35  -81  -23  122  -29   69    3    6  -82   16  127  -19   48   73  -12  -98   62   49   27   86  114  102   39   30   57   17  123  -36  -69  -52   32   94   -5 -118   88   94   79  -37  -28  125  107  -28  -22   27  -83   94   57  107   16  -44   65    2  -70  -24  -96  116  121 -100  -48  -76  -24  113 -110  100 
 123  106   66   74  -58  -89   71  -79   11  -79   77   56 -112    6   35   32   91  -28  -94 -107   76  -61 -119   70  -33  -38  122   71  -53 -115   43  -58  119  -18 -112  -67   21   87  -17  -96 -120  -68   88 -104   66   -5   56   29   95   91   51   43  -98   60  -15   -3 -106  -20  -60  -31   -7  112   39  -16  -34   55   46  115   14  -99 -109   23  -39  107   47 -101  -26  -24   57  -59  -61  -20  112  -31  -88  -30   94  -65   78  -94   32  -57 -110  -56   55  -16  127  -27  -29   14    2  -10  -91   91  -31   84  119   71  -68   48 -116   -1 -100  125   96  -60  -33   62    3  -83   97  -92  -12  115  -20  -85  -28  -21 
  17   71  121 -109  -66  -98  111   31  115  102  -25  -81   22  -13   47   50  -16   15  118   79  -50   -6  124  -81   30  -16  -94 -118   28    6  -11  -83  -50  -17  -64   12   13  -81  -85    0 -107   18   48   43 -122  -33  -35  -10  110  -44  -58  -68   78  -62  -21  -20   51   14  -10  -49 -108  107   -4  -30  -38   60  110  104  108 -102  -24 -127   44 -104   45   50   -9 -118  -87  -26  -34  -17   34  -84   49 -114   24  -28   28 -114   51   48  122  -81 -109  -44  108 -127  -68   88 -101   37   89   72   61    6   -6  -75   17   35   27  111 -110  -67 -100   68  -53   52  -88  103   67   92   24   61 -117   43 -111  119 
  44  -50   79   72  115   41   16   48  -81 -118  101   64   46    0   48   64   62   76    4 -119    0   45  113  -61    9    9 -128   20  -76 -110   12   96  -32  -37   40  -45 -124  -72 -125  -76  -61  105  116  113  -23   36   49  -89  -16  -74  -79  113   99  -94  -76  -20   43  -75 -128   95  -57   12   63   39  104  -24  122  108   32  125  -96   99  102 -107   84  -48   57    6   -9  -86   60   40 -101   31   74  -49 -117  -11    4 -117  -44   75   24 -108  -14    0   -4  -20  -20 -100  -22   13 -128  -48   34   84   32  -37  -38 -104    5 -106   64   32   53   11  112   64 -128  -12   76  -43  -64  -28  -23   50  100  101 
 -97  -48 -127    9   93 -127   89   -1   86   -6   91  -80   18  -32  -57  -46 -127  124   93  113   61   94  -27    9  -77   37  109   28  -40   81    1   -9  -95    2 -128  127    4   89   -2  -38  -45  -39   10  101   58   81  -72   59   78 -107   44   11  115 -111 -108  -90   55 -127   66 -113   82  -61    6  115   70    6  114  -54  -33  -15   36   51   74  -82   24    4 -128   80  -65   78  102  107  -39   89  125  -19 -128   52  -18   66   67  -64 -122  -55  -77   76   79  -90 -106  -82   23   58   97  -31  104   -6  102  104  -54  -91   54  -80 -111 -113 -118 -114   -4 -118   66  106   76    5  -86   82   78  -34   30   29 
   4   52   75 -101  -18   45   -4  -41  -89  -30  -65  -15    8  118   34   25 -123   44   39    2   54  -23  -20    2  110   23  -43   60  117  115  -39   -7   40  -92   20 -106   81 -112  -19  120  -13   45  -22  123   35 -116   20   40   56  -69  -86  -18   36   23  112   18  -82  -59  -50  -93  -71   39   28   97   75  -80  119   29  -64  -27   21   51 -110  127   46   53 -117  -62  -35   67   -3    8  -79  -95  -97  -94   51  -51  -25 -127  -16   32   40 -116    1  -12  -68   -7 -111   -4   94   38  -80  112   38   94   37   49  -95 -126  -11   30   10   38   64   41   72  -13  118  -80  -11  -26   80  -99  -14  -46   17   46 
  75   34  -85   41  -55  -37   25  111  -71  -66   32  -38  -64 -107  121   75   60   57  -12    4  -84  -21   52   33   81    5   63  -60   87  -48  114   34  115  -99  -53  -68   -8  100  -85   50  -94   75 -116  -30   97 -123  -83   29   62   34  -95  107 -115   86   12   94  -37  -53  -94  -78   28 -107   84   15  -78  -97   75   43 -125  118  -35  -91   65  -23    7   34  -17   53  -65  -83  -41  -31 -104  -28  -73   37  -62   18  112  -27   68   12   -6   24 -101   44   55  102  -41   58   92   52   95   30  -98  -26  -64   13 -101    0   58  -14   97   83   86 -104   -8 -103   42  -24   -2  -18  117  120 -122 -112   36   61 
 119  124   -9   83   48  -42  -15   78   60   50  -37   88  -78 -106  -54 -109  105  -95  -85  -31  -70   85   73   56  -61   62   48  -55   79  -44 -122   70  -48   -3   25 -127   83 -117   79   15   61  -85  -25  111  -63   50 -126  -86   83  -83   11 -115 -126  -44   69  -59 -109  -11   14   98   73   20   40 -102 -111  -63 -101  100  -52  106  -13 -119 -107   91  120  -42   13  122    0  -32  -89 -117  -19  -87  -32  -78  -18  -13   39  124  -43  -16   16  125   10   33  -66   37    5   11   16  121   20   37   84   13  124  -31    7   -4   65   47    8  -82   88  104  -32  -57  -37 -121  -61   48   -9   84   45 -126  -11  107 
  39  123  -10  -73  116 -117   93   72   24   89  -87  -97  -43  106   78   93 -104   39   69   -8  110  -96   -1  -79   80  118 -123   -3  120   -5  -23   32  -10   95   87  -22  106   52  -78    2   13  -37   34   99  -59  -16   64  -35 -105    6   85 -123   38  -44  -73   -9  -54  -68  116  -61   55  -35   99  -83  -67   58   23  -89  -17   73   42  124  -92  -52   95  -23   60   32   70   84  -90   27   89   76  111 -112  -61  -70  -51  -72   -3 -124   21  -32  -78   82 -102   73  122    9   19   36    6   55  112  -27  -95   44 -123  103    0  -85    3  -38  120  -14  -22  -69   44   55  -13  -87   60 -119    9  110   91   36 
  55   85  -83  -54   -7   51 -126  -23 -103  -93 -106  -98 -118   22  -54   13  112  -62 -128  -37   -3   44 -110  113   86   78  122  -33   60   85 -125  -12   43  -79   62  -92  100   64   14  125   99   36 -100  110  -70  -26   -5  -85   40   -5    6  -91  -88   24 -106  126  -25 -112  -35  -93  102  -31   23   17   18  -42   53  -10 -106  -61  -12  122  103   16  104  -94  118  -29  -51   30   95   83   67 -121  -21   90 -123   82  106  -30  118   80   67   13  -31  -43   99 -105   76  122  -38  -64  116  -62   80   92  -28   70  -65   49  -28  -98    4  -89  -91  111 -127  -86   66  108   13   56   60  -48  -59  -98   38  -87 
 -75  -14  -93   15   50 -105   81    2  115  -75  -56  -78  102   44  -47  -22   83  -10  -38   85   33 -100   65  -82   84   -3   -2 -103   27  -92  -62   80   22  -27  -32  -56   -4  -79   74  -17  -25 -110   34  -51   62  115   56   18  -23 -110  -25 -118  -82  -88  -72 -126   37   55 -101  -63   91  -34 -111  -14   67  -15   58  -64   35    5   47 -118   23  -47  -41  -42  -60 -113  104   46  -95  -49   56  -49   -9  113  -47 -100   40  -19  -35    3   75  -17  117   14   96   48   78    3  -75   -2   13   76   79  101  -94 -108  116 -118   66 -106  -39   -6  -27   80  -21   55  109 -109  -92  -54   23  111   57   12   -3   26 
 -68  -52  -99  -15   74   43  -66   25   16  -32   45    4  -21  -17   26   68  106 -128   21  -43   55    2  -23   91   76 -128   74    6   12  -57  -96   73   19  -67  -70  -35  104   -8  119   -8   89   36  125  -60 -108   23 -120  126   23   29  -45  -50  -97   60  -87  108   60  115  -14  -55  -69   18 -110   78   79  -52  -84   56   69  -93  -80   30   71  -83   98   91   69  106   89  -36    8  -83   43   39  105   84   19   38   72 -123  111 -125   23 -127   81  -25  -51  125  -97 -110  -96  -49   48  104   -3   18   67  -62   -3   29   30 -123   74  -55   44   51  -98  -64  -39  102  -59  -56  105   93  -55   58  -60   23 
  56  -29   41   88   50  -38   64  -81  108    4  -15  -23  -95 -112  -18  107  -39 -101   30   -9  -37  120  -35   32  -64  -58   -3   10 -127   65  -95   57  -92   74   17   87  -92  -46 -122 -111   86   -8   -6  119    8  105   98   97 -124    0  -39  -33   -8   54  127   57  125   -3  -61  126  -66  -28   55  -29  -82  -56  -70  -45   26  -64  -28  -16   56   94  -25  -64   71  -55  -94   75   74   -5  -86  -62  -79  -86  123  -82   39  -66  -84  101   34   99  -56   81  -84    2  -92   70   67    8  -73   -5  -26   30   60  -82  104   94  121   50  -39  -92  116   10  -50  112   57  117  -82  101   90   81   73  -93   34  117 
  37   70   59  -24  -50  114  100   52   17   32   98   -7   -2   92  -85   87 -128  -97  -31  -50 -113 -102  -61  -66 -128  -99 -113   73  -64   49   62  102   -9   -7  -50   69  -20  -78   -7  125   82  -36  -10  -48  -72   33  -89  -72   64    9    6   80   35   73 -114   35  102  -99  -20  -89   78  -86 -115  -59   36  -37 -118 -112   14    3 -115  -32   95    3   49 -105  -92   88  -49  100  -31   85   52 -123   30   66   40    5   95 -107   44   45  -65   57  114   99 -108  124  115   34    0 -128 -125  -33    3   52   -9   39   12   70   12  110   28  -64  115  -70 -125   27   63   98   48  -21   16  112  -92    2   83  -71 
  -1   71   91  127   71   94  -34  -53   18   85  114  -97   28   -2 -115  -72   63 -128  -14   66   27  -78   36  -52   29  -76  -68   66   55 -113  123  -74   86   86  -75   30   53   19  105  -57  -23   91  -26 -123  -38  -13  -67 -103  -13   47   91 -113   97   -1  -37   -1   52   23  -63  -21   38  -68   33   -3 -110   86 -101   71  -23 -124 -113   82   95  -11   87  -71  105 -108  -46  -36   68  -83  -21   37   45   70  -92  -31  -35  -27   76 -124   33  -19    1   52  -61   28   -5   44   32   10   -1   -1 -128  -42   57  105  -21 -117  -59  -81  -71   49   84  102   -9  121  -57   85  -34 -109   89 -128    0  -38   52   67 
 118  -81  -17   22   58  110 -107   58  -59   78   35   48   90  104   95 -109   25   51  121 -111   44  -64  102 -117  -45   63 -117   83 -103   63   22 -113  110 -123   37   40  116   58  -30  -71    9 -123  105  -29  110   72  -10    7   -5  -17   24  -88   47   -2  -77 -126  -67  -66   85  -42  125  -21  -27  107  -16 -118   20  -28   69  118   29  -50  124    6   49  106  -50  -89  -15   74   22 -118  114  -59    8  -91  -57   70  -29 -100 -100  -32    7    2  -53  119   12   95  -36  -47   86  121   31   82    0  -48   60   78   -9  -83   24 -115  -73   10  -46   64   47   25    6 -110   53   34  -14  -68  -92   62  -76   49 
  29   16 -126  -13    9   34  -59 -119  114 -127   88  -22  -81  -16   -9  -26  123   74  -90   42  -29   44   61 -103  -49  -81  -43  -13  109    9  -92   11 -103  -89  126   35   73  -60   44   59  -59    4  -91  -12  117   29   91  112  -25 -127   26   74   46  -41   99  125    7  -71  -16  -12   66   21  127   92   60  126   -1    5  -62  -85  -64    7   48  -26  124   37 -125   87   21  -22   88  -81  -76    6    7 -104    3 -114  -47  116    2 -109    9    2  111  -59    0  -18   74   66   26 -118  -55  -54  -16  -59  111  -13 -100    4   93  117   51 -110   -5  -70  -86  127  -56   -5  115   75   14   -4  -51   -2   65   77 
 108   11   15    6   21   88   80 -122  -98   63   -7  -70  -61  -41  -81  119  -23   43  -79   19   42   -6 -114   29  -59   28 -103   18 -102   90  -33 -121  -27  110   13  122   70  -34 -128  100  -99   -6  -97  -31   81  -50  -40  -70  121    9   77   35 -125   91  -64  -56   -9  -39   90   18  -77  -71   25   24  -89  -90   19  110    4   19   82   34 -115  113 -125   94  -64  -37 -104  -71  100  101   93  104   64  -99  -80  -72   -9 -117   74   42  -60  -29  -61  -20    9   86  -38 -114  -23  -84   48   -9  -98   51  -43  -34 -114  -18   23  114  -45  -12   90 -108   18 -117  -52 -119 -106 -106   51  -38   -7  118   70 -126 
  76  -96 -112  -74  -51   64   45  -21  -13 -126   73    1  -16  -32  -12   68   85  -50   88  -25  -39  -92  -16  -17  -70  -93   74   51 -102   16   53  102   49   70 -100  126    6   73  -23  122   76  -78   -5  -68   18  111 -128  -25  -66   88   78   23  124  -66 -121  -74  -30   81  105   -4  -31   31  -30 -110  -27   -1 -112  107  -56   -7  101 -108   43  -31  -47  -66  -48  -47   37   14  -86  -12  -90  -90   50  -83  -35 -108  126  -58   16  -33  101  115  -14  -54  -14    2  -74   58  124 -101   79   39   -4  -96  101   77  -15   11  -37   27  127    1   66   49   46  -97   70   44  -27  -42 -116  -53  -55   -2   21   59 
-128   75  -10  124  103  -59   36  -29  -27    9  -80   86 -108   12  -14 -109 -115  -76   69   60  -45   11  -24   56   97  -12 -125  -85  114   25  102  115  -28  -36  111  -53   33   19   47 -122  -99   95   93  -79  -21  -49  -59   -7    3 -118  -75   86   21   29   14  -10 -110   18   33 -124  -85    8  119   15  100  103   91    6   -6   10   12   23  -23  -23   73   85   56 -114  -50  -69 -104    3 -111   45  -96   32  -93  -78  -78   69  -73  -35  -51  -82  108  -79 -107   71   55   16  -47  -60  -89   59   45  112   16  -26  126   94   33 -106  -31   51   67    1  -45  103   52    5   44  107   98  121 -103   78  -86  -81 
  22   98   63  103  -90  102   34   83   87  -78  -71   85 -112   91  108  -15   14   47  115   97   22   39  -26  -62   18  -56  -69   43 -106  -26   90   44  -56   25   20  -18    0  -74  -63  -41  -23   -5  -84   -7  -42 -104  107  100   72   94   69  -34    5  -85   33 -105  -13   92   66    9  -62   29  -74   10  -74   74  120   54 -128  -70 -115  -23   53  -70   99 -117  -46   78  111 -102   44   52   -7  -79   95 -102  -56  -46  118 -118   91  -71   39 -111   67   94   91   60   20   92  118   34  -59   43   92  -88   54  -82  118   37  -55   34  -39   66   83  -72   92 -101   10   82  -90  -27 -117   77   -9   79   43  -46 
  11  -64  -82    1   98  -12  -84   62   28   98  108   19    7  -75  -75   96  119 -119 -104   83  -92   34   38  -54 -121   49 -104   -2    0   67   81 -117 -125  127   12  101  -13   56   35 -112   26   16   35  -95   69   88 -127   61   97 -103   16 -122   59  -74  -48   67  104  -24  -63  -24  -84 -110  -12  -81 -110 -128 -107    5   57   56   21  -45  -56  -72  -11 -114 -111  -10   75  114   16  -37  120  -53   18  -55 -114   -6   49  -48   98   93  -30  -42 -115  -12  -41  -94  122 -112   90   15  -29  -93   72   88  -79   89  -49  124   75   95  -41   68  -86  105 -115  -71  -29   62    9  -58   28  107   28   41  -32  115 
  75  -38 -125   37  105  -25   72   49  -65  121   10   14  117  -42  -19  -51 -102   24  -74  -89   81   26  101  -38   96    1  -59   -4  -86   37  -16  117  127  -13   27  105   90  -29   26 -102  -35  -91   40  -46   -5 -106   31   21   46   86   60   -1  -16   33   89  -48  -93  -98   76  -51   68  -68  -61   67   48   94   44   10  -63  -57   36   30  -20  -51  113  103  -29   16   -4 -111  -26  -72   16   86   89  -23  -90  124    7  115  -54  -53  -81   13 -113   95  -21   59  -22   44 -126 -114  -53  -18  -37  -68  -43   62   76   81   79  -77 -119  -33 -119   99   72  -80   95  -48  -93  -87   27  -46   54   42  -78  -95 
 -26   28   78  -24   42 -103   87 -122  -43  -84   68  -95  126   20  -44 -121  115  -34  106   60   14   74 -116   49  115   39 -125   42  -46  -75   75   56   81   25  -96   -4   50  119    2 -121  -92  -58  -87  -94   90   -3  -87   78   91 -108   10  -23   94   22 -102   81  -67  -98   -5   15  -45  -57  -57  -91   96  -24   33   19  -33  -93   26    3  -23   67   37  -60  -63   79 -110 -100   99   28    6   65  -78   32   18  -17   62 -114  127 -110  -43  -58  -73  -75   46   88   72 -114  123  -29   17  -28  -90  -73   40  -25 -122   58    4  105  -42 -118   42    8   42  -68  120  -23  -54  119   -5   31  -67   50   85  108 
  10   29  122    5 -128   11  105  -89   66   18   14   72  -52 -110   49   35 -100  -37  -85   71   24  -93  -80   98 -102   43    2  -40  -35  -41  -60  103  116  -66  -20  117   73  -43 -100   12  103   42  -44  -76   61 -122   87   89  -31 -126   32  121  -90   80   92  -64   -5  -34   24   88   53   92   63   41 -102  -85   30  100    1   58  -16  -24  -27   68   28  -94   74  -13  123  -84  -10   28  -91   28  -20 -127   92  104  -33  -11   64 -108  -47    0   62  -20   43  -36  -48  -84 -105   64   21   -4    4  -79   30  -49   37   25   -5 -101  -75   32   55   34   34   19   10 -127 -120  -54 -106  -38   74   84   70  -10 
 -80 -106   34  -57   86  -73   67  -38  -23  -31   41 -114  123  -92  -87  -80   69   96   82  -25  -13  -36  -24   -4   39   -2   86  -15  -46   28  103    3   50   10   74    8   65   14   98  -86  111   12  -72  106   48  -31 -101  -11  -63  109   92   53  -54  -59  -79  113   67 -121  -30 -106   35  -54   25  -43   84  -29   93   21  113   63   64   97  -53  120   75  124  -38  102  -15   27   84  -50  -48  -98   19    1 -113  -42    8  -15  -20  -85   59 -123    0   15  -23  -35  -91  -38  -99  101  -69  -24   93 -121  -28  -73  109   86   83   65  -92  -93   95   55   37  110 -115  -83  -32   -6  -39 -101   -1   89   43  104 
 -73   80  -61  -44   53   -2   60   18    5  -95   74  -13  119   29  -76 -101   64 -108   82  -27 -126   95   19  -30  -39  108   -2   89   69  -87   65  124  121 -124  -48   46    3 -115  -64 -120  -82 -118   -5  -91   39   48  -64  -24   68 -110   77   70  113  -32  -87  -53  -52   39  -92 -110   80  101 -114   73  106  -33   -9  -19  -20   55  -11   26   66  113   63  -23   33  127   81  -27 -111   31  -85 -126  127  -44  -51  -52  123  -15  -34   75  -41  -20   20  -63   75 -117   46  -73   67  -93   81    5 -108   16  110   53   15   64 -102   32  -33  -58   35  -34   26  112   42   22  -30 -120  -31   57  -11  118  122  -64 
-127   40   -8   68   75  -55  -55   96   90  -72   21  -23  120   48 -118  -41  118   45   53   16   29  -32  -90  127  -24    8   56   93   -2   50  -98   -1  -38   22  -60  -90   95   13 -122   57   69   27  -93   61  -53  -83 -108  -63   90   74   82   -9  -86  120   -9   18    0  -81  -16  126   98   14   -2  -68  -92   66  -30 -125  -49  -24   61 -107 -124   96   82  -49 -115  103   17  103   49  -29  -34   91  -37   85  -19   92 -123   93   90  103  -21  -40  -93   15 -102    6   19  -22  110  -48   -1  114  -80  -47  -62  -67  -72   83  -92  105  -74    2   68   17  -40  -78  -19  -35 -113  -56  -60   -5   32  -25 -118   59 
 109   29  -91   92  109   36   78  -99  117 -112  -38  -82   99   -2 -105 -103 -127   92   43  -39 -114 -104   54  -99  -32  122   24 -127  -31   35   60  -49  -64   97  -85  -82    5  121  -53   -6 -118   38   40  109  -92   64 -121  -91   28   50   -2   42   74  -76   71  -85  -82  -32  -84   16 -125  104   95  -61   73 -118  -15  -50 -125   61   72 -115  -29  -15  123    7  -79 -126   45   77   52  -85   -9   -2  -32  -66   41   14   30   85  -98   33   61  125  101    6 -121  -42   84 -117 -109   29 -104  -10 -114 -109  126  -65 -107   43 -116   73   86    3  -56  -74   65  113   69  -32   71   99 -127    4   97  102 -117  104 
 -67   95  115  -48   -4 -116   71   10  -97   69   73  -75  -16   85  126  -58  -40  -58   -3 -102  -72  -62   -6  127  -91   -5    3 -122  -30   14  111   31  -18   98  111  106  110   54  -11 -114   -5  -66  -61  107 -108  -63  -78  -20    8   47    6   64  113 -128   63 -106   -4  -62  -99   94   81 -116   -3  -65  110  -20  -87   93  -93   30  107   30   93  -82   10  113  -17   60  -35  119  -21  100   55  -36  100  -10  -14  -32   57   15  -66   10   27   59   73   10  -88  114  -25  -53   17  -46  105  -18    0  -13  -33  111  -81   60  103   26   32   30  118    5 -107  -23  101   78  120  -92  -40   20   95  -95  -98 -121 
-109    5  -46   36   87  -68 -110  -41   47  -15  -58   95  -82  -83   -7   78   76  -16  -45   97   89  -71   47   81  -35 -121  -27  -68  -88    3  -60  -69 -120   22   96   95   82  114  -74    2  -28   -3  -31   18   42   90  -32  -10  -54   52  -41  -93  109 -122  117  -54 -115  -38    6  -75   94   74  -15  102  -31  -47   70  -77  -61  124   53   39   -7 -106  -71  -92  113   26   26  -69  -50  114  -33  -69  120  -44    5 -122   46 -117  -69   12   86   44  -13  -73  125  -71  -22  -63  -75  -96  104   47  -74  -94   83  -89   60  -19  -29 -118  -33   66  -59  -40 -106   74  -34   68   85   25  -47   43  -58   68   98  -61 
 125  -51    4  -78  -19  -19   97   35   15   52   75  -53  -94  -82  -43    1  112   26   89 -122  -28  -73   74  -71   81 -101  101 -105   95   71  -38   92 -108   95 -113    1  -52  112  -91   91   37  112  -90   71  -98   -5  -56 -114 -107  -94 -108   -7  -39   94   50  -86  122   23  -63   89  -33   28   54  -13   -5   69  117   71   53 -102   34  -38 -118   72  -95  -88  -61  -22  -74  -40   12  -54   81  101  -88    3 -112  -94 -101  -47  124   -6  109   50  109  -24   -9   98  -81  -84  124   81    7 -122   25   40  -82   92 -110  -28  -76   30   46 -123    4   87    9   20  121   36  101  117  -98   83   39 -117  -69  -98 
 110  -21  -53  106  -68   82  113   86   -6  -97   50   13    4  103  -85  -78  108   47 -119  -11  -61 -125 -103  -87  120  -73  124   32  -61  -73   62  -79   34 -119 -101   95   91 -116   53  -42  -84  -25   99   48  -50 -114   98  -69   62  108   48 -127  111   74  -86  103 -127  -90    7  -60  -34  -58  -11 -128  -49   17   95  -85   29   20    1   73  124  -28   -7  -54  -14  -36    5  -80  -56  -74  -78  -73 -128  -36  -98 -127    3   38  -58   97  108   59   97  -69  -52   65  -26  106  -43  103   51  -47  -53  -83   28   62    9  -95  110   81  -41  -96 -120  -41   -3  -90  -39 -128   76   31   97   56  -38   66  116   39 
   3  -38   17   89  -62  -60  -86   13  -15   70  -53  122  104  -70   75  -65  -38   83   23   87  122  112   87   70   15   56   -1  105   -5  -13   16  126   77  -95   87 -113  -26 -126   29   87   72  104   82   48  -94   29  112   -3  -15    7  -44  -21   -9  -84  -79 -122  100   48  111  -33  -93    0  -34  113   33  -75 -128 -121  -73   29   95 -128    6   49   48   40  -50   32  -91   63  -89   -6  -86   30   38  -36   36   10 -116   20  106  -80 -108  -56  -95   53   -3  -95   61   53   63   28   53  -59  -51  -27  109   27 -122 -109  -37  -83   13    5   76  -77   97  -16   61  110 -124   39  -98 -104  111  -65   78  -19 
 -32   11  -94  -97  -89   87  -28  -12  -68  -46 -113  -62  -27  -22  -16  114  112  -68  -91   81   44   98   63   49   10   93   73   -7 -100   23  102   -3  -94 -120   28  -55   95 -127   61 -100  -45   77  -34   56  -73   78   42  -89 -118   79  121   55   49   56  -24  -69   22  -79   53   50   73   27  -81  107   36   76  -75    3   77  114   31  -96   63  126   88  119   76    2  -98   87  -47 -105   14 -126   80  118  -66  -26  -89  115 -104  112   14  -56   92  -78 -108 -111   54   97 -125  -43 -127   67  -45   89   58  -96  -37   88  119   44  112    5   46   64   -5  108  -90   34   95  -66   19  -18    6  -17   32   26 
   0  -42   -5    3   44   -4  -58  127  -43 -128  -97   48   89 -106  -36   73   27 -117    9 -106  119   47   57   87  109  -52  -59  -12   59  101 -114  -69  -68   10   62  104 -122 -123  103  -36 -123 -121 -116   94  -99  -23   39   57  -12  -80   79  -21   95    8  -62   77   84    7  -63   15  -19  -49   74   41   89    9   17   96   14   -8  -68   19   -1  -56  -14   29   49 -103  -42  -91  -54  -91   17  -87   46   83  118    2  -37  -73 -110   72    7   92  -15  -32  -27 -126  -64  115   -6   -4    7  122   69  121   23  -10 -110  109   28  -36 -110  -83    6   64 -128   -4  -61  -37   52  -43  -93  -69  -79   20   27   23 
  22   92   10 -111  -40 -111 -117  -99 -118   34   20  -99   15  -80   -7   33  -35  127  -30  -35   -4   37   57  -80  122   92  -21  -85  -15 -122   66 -121   98  -51 -104  -69  -34  -93  -40  -23   69  108    6  -44 -100  127  118   -7  127  -40   87   -5  125   16   43  119  -20 -106  -94   93 -100  101  101  127  -78  125  -70   16  -95   18  121  102   -1   -1  -69   27   -1  -79 -107   -2    9  108  121    6   -4   36   -3  104   58   31   70   86    4   43   85   54   40 -113  -57   73   34  -64   48  -95   64  107   60  -65 -100   81   61   37   61   54  -85  -71  -38   40  -94 -108  -57  104  106   76   19   64    2  -69 
  79   73 -123  -15 -118   53   18   74   32  -49 -119   60  -96   70  -31   94   -4   12 -105   86  -76  -71  106   -5  -95   84  -57   52   20   74  112  -28   19  117   85   29   42  -24  -25  -54   55  -16 -122   87  -74  -25   53   50  115   77    8  -89 -122  -14   34  -88  -57  106   92   91   52   76  -65  -57   65 -107  101  -21   -3  -52   53  -76   61   59 -117  115  -94   65   38 -107   14  -82  -68   20   33   95   60  104   73   25   67   -3  -27 -125   68  -89 -104   41   18   21  118  -56   73   51 -125   84   38  -90   21  -52  -69  -93   -5   -8   56 -100  -41  -12 -124  -96 -115   71   29  -13   74  -31   26   98 
-117  -84   -9 -127  -12  -64   52   -8 -107  -38   30   42   39   89   78  -94  -47    6  -66   40  122  -62   72 -120 -119  -27   -5   84   71 -107   54   82  -63  -82   83   54  -18    7  -82    3   97   76  -82    8   37  124   42  119    2  104   31   -4  -86  -24    4  -76   77  127 -120   20 -108   62  -26  -42  108  -71 -116  -37   64  -70   94   34 -122 -116  -86   43 -120   85   34   10   61  -62 -121  104   42   11 -100   -9   11  -92 -116   31   98  -14  117   79   44 -127  -86  -20  -69 -120 -114  -63 -107  -71  109  -99 -114   15   40   75   81   47   51   -5  -70   79  115   69  115  127  -27   86  -15  -38   37  -99 
 -36   79   10   23   87   24   89  108   81   70 -118   95  -43   50   43  -89  -31  -34   34   27  -82   21  -31  -95   20   70  119 -122  -96   28  -93   -4  -21   45 -108  -61  -58  109  -81 -105   51  -71  119 -120  107   34  -81  -52 -128   82  104  -82  -25  -55  -48  124 -113  -57 -126  -81  100  -91   44  -49   83   64   18 -103   45   66  -80  -32  123  -89  -24  103   73   24  -77   74  -22 -101  120   81  -28  -56   77  -13   16   79   35  -12  117  -49   67   72 -113  -42   97   60 -104 -111 -100 -109  -71    4  122 -126 -100  -82   76    6  -55   69  -40   46 -115  -91  -95   29  117   68 -111  106 -109   85   50  -94 
 -85   19   94  -61   36  122  -42   93   -1  -47   96   27   -1   44  -94   72  -15   -6  -10   -1   31   24 -100   20  -36  -82   -2  -16 -125  -80   18  -82   67  -15  -15  -24  -21   71  -59  106 -104  -91    6   23   82   40  -32  -61  -94   86   66   65  -18   95  -42   75 -115   84  -69 -112 -123   77  -66   72  -66   47  -80   42  -10  -10   20   15   27 -102  -90  -19   66    6   49  100  -35  -13   38   75  -46  124   22  -33   80   81  -17   85   31   45   30   93  -36   78    7   83  -60 -100  -30   96  -74    8  -51  121 -113  126   93  -20  -14    3  -73   68   -1   78  -92  -48   31   19  -91  -66  -63   67 -100   29 
  18   35  -16   86   63   82   54  118  -37 -124  111  -22 -126   76   86  -12  -48 -115  -71   79   91  -35  -97   -5  112  -59   57  -79 -120   85   79   26   -7  -65  -15  -72 -110  -89  -82  -19  -85  -99   87  -82  106   45   34  -70   58   91 -119   22  -72  -87 -111  -87  -18   74  -38  -10   32  -87 -111 -103  -23    2  -47   -5   41    0  104   85   29   63 -125    7  -20   37   65  -90    1   75   60   57  116   77   98  -30   24  -67   88  -72  -26  105  -47   79  -21   34  -54 -107  -94  -78  106   64  113  109  -57  -35   18 -119    4 -109   84  -64   77   72 -114   47  -86   38  108 -126   94  -45  108  -81  -94  -41 
  81  -19  -20  116   31  -42   52   17  -61  123  110   86 -124  -14  105   88   51   54   32   65  -26   74  -25  -46   77  -59   37   57  -12   72 -112  -59  -75   -3  -71   84   83  109  -27 -105  105  -44  109  109   70   86   70   -7   13  -26  -70  115  -79   33  -59  126  102  107   55  -38   51   71   32  104  -60   89   60 -104   71  -94  -81   48  -10 -100   29  -68  114  -29   54   -1   74  112  -14  123   18   56  121   -8   35   48   83  -42   -9  -13  -66   60  -52  122   84 -109 -100 -125   67   18  -97  -31   79 -111   68    5   17   14  -11 -125    9 -121   59    2    0  -34  -78  -45   52   42   70  114  -26 -110 
 109  -70  -90 -119  -67  105   28  -36  -54  -21  -19 -113  112  126   29  -27 -126  -89  -19   61   41  109 -100   92  -64   80    6 -122   67  108 -104   48  -90  -66   57  -29  -88  -43   63  -14   64  -84    1   48  -85  -97 -106  -83  -58    3  106  111  -16 -122   75   48   87  -47   54   26  -67   78  -54  -29 -115 -125   70  -75  -39    5   39 -103   50  -87   74   93  -56   96 -118   14  -29  116   -3   83  123  -55    3   82   26  -71  -20   88 -121   54  -69 -108   57 -126  -55 -110    7  113  -84  -71 -102  118 -106  -30   86  -96  112  -71 -107  -19 -116 -112   54   15   98  -47   72  -50  -87   79 -124  -28  100   61 
 -26  -83   80  110  -98  124  -89  -72  114  -66   26   72  -34   10 -127  -13  120 -115    3   46   28  -27  127  -28   51  -88  -77   55   13 -105  -11  115  -59  -59   97  -29  -63 -119   28  -77  -57  -74  123   37   65  124 -103   57 -119   28  -25   37 -126  -25 -119   53   15  -68  -19 -100  -44   98 -112   25  -89  113  124  -24  122   24   27  -63   79   22  103   16   18 -128  -55   27   28   48  -64   30 -105  -55  -44   39    5   65   67   89   35   83  -14   74   69  -17  -78   63 -121   77 -127   86  -29  104  -26  117  104   47   16    4  -32   80  -93   -9 -103   -9  -98   30  -72   98   -8   91   53  106   37   -6 
 -39   87  -70  -31   36  -69  -73 -121  -93   30  124 -117  -51   12   15   45  -36   50  -91  -11  -87  -61 -109  -31  -91   11  -68   91  -10   97  -43   79   56   15  -80  -36   74  -24  -29  109 -122  -33  120  -45  107    8 -127  -57  -70  -90   60  -28  -23   80   69   15  -37 -126  -22   81   99   63   33   28  -49   81  120 -103  -71  -36 -121  -65   59  127   19   39    7   20  110   66   58   43  -90  -93   -5  107   50   86  109 -100   40   81   92  -55  -19  -85 -102  -27  -60  -44   65  -53   19   -3  -53  -90  -92   82   58 -110   20  -12   61   58   24  -72   38  -54 -113   19  -25   55  -28  -61 -128   81  -18 -102 
 -73   50  -18  120  126 -126  -11  -55  -88   25 -101   99   44   48  -41  -23  -22  111   34 -112  -70   49   36   33  -24 -120  100  -24   90  -46    2 -111 -124  113 -119 -126  115   -1  -53 -101 -104  -25  126   68 -105  -42  -82    1  -59   80   18   -1    1  -74  -96  105  -66 -124  -47 -104  -42   83  -87  -37   68  -77  -35   55   50   41   83   74 -112   81   15  -89  -89   61   40  -19   13  -70  108 -114  -16 -115  119   47 -111  -56   71  -24 -101  113   67   96  -92  -96   23   86   73  -22   32   89  -68  -81 -128  -29  108   41   80   -7   99   61    7  -44   74   -2 -125   91   70   74  -61   98   59 -122   66   95 
 -89  -39   53  112   68  -42   74 -128    5   74  -29  -14  -13  -76  107  -41  113  -13   43   59  113   46   22   56   -8   90   26  -76   96  -36 -109 -121   53   73  120   -7  -97   66   -7   36   12   93 -106 -128 -111 -126  -41 -126  -11 -126   61  -26   48  -45  -98  -88  -83   56  -36 -114 -108  -16 -107   74  -71 -115  -61  -40   79   61  124  -36   26 -109  -36   43 -107   51   45   10   53  -22  112  -27   61 -113   13  107   71  106  121   92  -38 -114   38   19 -100  105  107  107   38  103  -57  -64  122   35  107 -113  -42   24   25 -117 -126   10  -16   64   25  126   43  -32  104   36  -68  -62   50   98   85   78 
  76   64   58  -14   39 -127   51   34   37   30   49  123  -73  -53 -121  -71   85   -9  121  -18  -11   36   78  -35  -56 -117   31  123  109  -12   73   57  -76    3  -84   92    5   95   -2  -86   -3  -81  -91   52   -6  -84  110  -49   36  103   61 -103   12   12   -9   84   23 -106   79    4   11   25  -66   63 -100  -22   27   33  -55 -103   75   70  -55  113   -5   67  -99  -23 -109   65  -48   80   91   92  -36  -46   49  115  -24    0   -8  115 -103   54   51  -74  -96  -50   87  -23  -24   35  -81   49   20   42  -12   49 -109    7  -13  -28  -40  -50  -64   52   32  113   40 -120  -14  -96  124   11   86   47   65  118 
 125   25  -33  -27  -68   14 -106   80  -71   11    1  -52 -110  116   48  -22  -62  113  -97   98   98   71  107  -44  103  103   96   61   22   33   51   19  -70 -110  121  -10   32 -113  -58   89   26   72  -90   45   60   86 -105  127   71  -74   97   42  125   76  126  100   51   94   33  -55    0  -44   93   58  -26   86  -79 -121  101   -9   96    0  -65 -122  -83  124   93  -60  123   36   -5   92  -50   -8   41  -51  -35  -36  -85  126   38   43  -45    3  -26   57  -39   23   64  -66 -114   33   62  -50   39  107  -54    4  -80  -59  -87   43  -95   -9  -93   74   68    0  -89  112   -1   77   27   82  -48 -127   11   41 
  24  -52  103   39  109   38  117   20   17  -65 -103   65    4  -62  -20   37   57   16  -16   -2 -112   23  -18   15  -28 -119  -31   52 -117  109  -35   35  -71  -60  -54  -90  106  -65   58   -4   -2   83  -67 -126 -107   42   40   79  -70 -104  -51  -54   47   59   90 -109   68  -69   71   79  -88  -92  -13  -31  -24   61    7  -45  125  -62   79   -5 -107 -116   -2  -85   54  -90  122  112  -66  -57  -69  109 -126 -107 -128   70  -48   71   22   -7  107 -119   90  -45   70  -30   38   67   36  -11  -65   57    2   61  100  -72   99   94  -87  -95  -91  -28 -114  -89   -7 -114  110   73   85    4  -62   64   13  -99 -109  -45 
  -1   58 -105  -93  -81  -42   92   49 -109   65  106  118   31 -109 -105   69   -9  -91  108  112  -77   90   57 -120  -34  124   72  107 -103   91  -65   24   21  -42   59   69   44   23  -10   63  -40  -32   53  120  -13   76   61  106  113   41   90  -92    4   20  -84   98   16  116   78   41   79 -115  -63  -27  -29  124  -86 -113   19   32   78  108 -127    3  100  -12  -49   33  -33  -64  -54  -71  -28   78   77   16   49  -35    4   -1 -122  -45   12  -57   56  111  -61   98  126   87    3   76   67    4  -49   39  120   30  -56  -41   94   18   17  -62  -31  -34   82 -110   60  -42   17   66   41  -99 -118  -30 -116  -51 
 -60 -118  -92   71   86  103  -53  -91   14  -60   67   86   27   33  -23  -84   99   74   11   53   92  -57 -117  -19 -119   52   10 -109 -106   22  -31  -37   32    5  -94  -10  -19  -18   27  123   50  -34   82  -51  127  -69   -6   98 -123 -123   23   97  -52   34  -50  -43  -42   88  -23  -19  -18   74   72 -114  -49  106    4   60  -40  -97   56 -118   -3   10  -40   -4   69   82  -34   74   87  117   43  -93   23  121   -8  109   81   97  -38  -65   43  -94  -51  123 -115   81   55  -27  112  -17  -16  -19  121   72  105   62   26  -57    8  -15  -68  -77   20   83  -84 -116   64  125  110 -101  -68   25  -67    9   20  -54 
 -38  -52   48  -54   59  -96   55   53  104   32  -13    2  103  124  115  -93  -81    7  118  -36   19   55  -39    1   82   22 -101 -113  -97   47  -38   -6  123 -118   68   55  -86   -4  -20 -110 -100   95   20 -124   91    7  -89 -117 -114  -98  -25   33   85   64  -93   39  -42  -66   54  -10  109 -112  112  105 -102   52   32  -60  -80 -116  -42  -51  107  106  -47   71  -15   -8   82   -1   22  -71  -95  -21  121  -60 -110  -48    2   73   70  -17   89   54  -40  116  -22  120  -72   27 -124   15  104  112   -7  -71   55  107   49    9  -22  -56   66   11   51   59   79   70 -117  -47   15   81   65  -24    7 -103  -36  114 
-110   21   13 -106  -92  -11 -122   29   46   61    8  -33  -58  115   39 -120   -2  -37   68  -50  -95   79   31   48   33  -32 -104  -88   -6  -11 -102   12 -118   39   34  -82 -100   41   75   74  -26  -44  -86   45  -57   81   53   69  -84   -7 -109  -51  -55   51  125  106 -109 -106 -110   13   11  -83 -103   21   84   60   67  113  -27   14   59   75   98  101   -8  -87   55  -82  111   99   39 -126  -79  112   53  -82   90   73  -60  109  -42   79 -102  -16  -28  110  -84  -89   95   17   54   27  -36   24    0   85   66  -73 -125   49 -101   42   51  -52   27  -23   -6  -11  -78   63  -30    8   14   -4  120  115  -21  -92 
-102  -54   53   80  101 -110  -23  -26  103  -85   29  106   92   56   20   15 -124  -81  120   -1   37  -86  -66 -121   51   76    4   43   63  111   80   90  -71    5   42  -97   23 -109    5   -2  -66  -94  -24 -102   91  125   42   95  -84   34  -34   81   77   28   89    0  -23  -35  -85  -88  -52  123 -126    5    1   45   36 -104   64  -87   23  127  -52  127 -103  -89  124   67 -122  -87  -26  -27  122  -77 -127   83   51  -22  -80   94   19   -4   90   21 -126  -37  -62   38  -13 -125   80 -118 -126 -100 -118 -101  -61 -122   95  -55  -81  -59   46  -86   -8   48  125  -85 -102  -82 -119   45   42   99  -61   44  -66    5 
 -45   50    8  -93   60   10  -65   70   38    2   77    5   75  124   74   -6  -90  -62  -86  -92  -19  -60  -46  -10  114  124  -38  -75   41   24   58  124  -54  -61  -97 -121   77  -34   77  -13   96   26  120   43   23   66  -91   61 -124  -49   97  -15   20  -77  104    6  -80  -62   59   89   90  -11   85  -91   56  116  -84    6  -46  121  121  -78   20  114   93  -85   52 -125  104   57  -46   74  -86  102  125 -110  -20  -83  -44  -89 -122  -81   29   91  -44  -43   79    0   91  -95   -7   85  -45 -115   71  -79  -72   -5  -76  -95  -76    6  107  -33  -19  104  -15   89 -106   70 -127 -100  117   30  120  -55  115   71 
  73   79  105  -62   36  -68  -48  -21  -19    8  102   33   41 -101  -88   20   -6   21   -3  107  -18   19   49  -17   47   38 -115   39  111 -127  -17   56   80  -40  123  -12   20  -53   95 -126   83   69   35   -3   96   75 -111  -38  -32   14  -58   79  -95  119  -66   81   30  -52   -8   13  -51  103  -58  -99  -65  -63   17   84   12  -16   86  -33  -75   -7   92 -106  -59  110  -16   37   -4   54  -12   30   46   51  -17  -52  127  103   89  -52   79  -97  -23 -114  -32  122   98  108  -22   56  -52   31  -78  -88   53   -9 -106  -90 -100   19   92   17  -79   10  -60   32   86  -61    7   48   15  -42   79  120  -27  -80 
 114  -57 -100  -36 -128  -24  123  -78   17   49   41   39   87   69  -70   51  -42  -21  -66   26 -117 -108   93   19   68  -20  105   20  -28  -50   68  -42   22   96   50   22  -55   46   72   90  -33  -15    1  -74  -74   60  105   13  -89  -89  -89  -77  -68 -123   70 -128  -15   47   20   86  126  -40  -84   20  -71   95  -86    2   13  114  -36  108  -29   93  -94   25   25 -117  -90   65  -77  -50  116  -17  -45   58  -17   68  -23 -124   26  -25  -36   71  123   21   38  -91 -105  -77 -105  -13  -97   -6  -47  -63 -108  106  -52  -70   43   -1    8   31  110   91  -39  -34   32   67  -30  -70  -86   62 -127  -90  -44   39 
 -53  -21   90  -29   95  121   93  -80  -70  113 -102    7  -84   70 -122   52  -27  117   16   63  -45  -80    2   53  -22   44  -13  -20   82   71 -109  -98  -77  110    1 -110  103  -34  -62  -94  -48  -36   41   -4  -94   47  -80    8   36   64  -57  119  112   73   44  -37  -11  -96   71  -56  103   90  -26 -102   72  103  -84   48  -59  -18   82   21   75   -5 -111  109  -86  -62  -11   79 -126   60   70  115    5  -13  -50  123   19 -107  -61   -6  111   41   21   56   16   65  -24   85  -80  -70  -21  123   53   -4  104   95   62  -34   46   65 -102  -11   52   32  104 -126   27   -5 -105   94  117 -122    7   10   62 -105 
 -52  -90  108   -4  -32  -41   -9 -107   84  -33  117   18   61   35  -45   88 -104 -121   -8 -128 -119 -109   -5  -96  113  -15  -89   -8  123  101   15  -57 -116   -5   67  -20   83  -70    2   39   26   -9  -71  -41 -102   13  -81  -77   20   39  -77   30   58   47   62   43  -96  101  -93 -101   75   50  -29   87  -82  -90  -61 -127  -31   69   40  123  -68   97  -46  -41  -18    2   10 -125  -87   61   33  100  -20  -33   15   12  -59   51   40 -112  -27 -117  103   19  -79  -86   20   18  112  -68   13  -84  -98   96    3   12  -30 -115   15   11   75  -80  -17  -73   16  127   68   85   50  -20  101 -105   -9   76   43   40 
 118  -65  -69  102   -4   72 -109   26   40   22  -90 -118   36   54   22  -17  102 -123   38  -10 -124  -22  -53   54   86  -80   78  -51  124   -7  118  115   56  -79   89  -76  121  108   78   34    3  117   44  -89   43  -62   22   17  -56  -68 -120  -52   39  -45 -125   -3    4   81   75    0  -54   65  -13 -126  114  -51  -73  107  -71 -123   13   60  122  -70   99   37   -4   -7  -73   68   54  -65 -111  -35   18 -108   90 -106  101   37   23  -81  -26 -118  -79  -40  -41  -24  -60   17  -18   81  -51  -24 -117  -79 -114    8   42  -59  -52  -32    4  -35   61 -106  -15   24  -83  -42  -67   68    5   36   78   55  124  -90 
 -97  -64   55   13 -110 -124  118  -99  -75 -124   37   96  -55  114  -64   77  -49  126   99   65   22 -112 -105   83   84   29   -9   35  -44  -12   73  -13   52    0 -127   70    4  119  100   58  123    9   26  -60   -5   90 -111   75   88  116   12  -18 -123   35  -62   89  -64   57   -4   20  -83  -59 -120   98   69 -119   40  -54 -128   12 -124  123 -106   30  -65   17   -8  -48  -36  -47  -60  104   63  -55   12 -127  -93   76   59   31  -31  104  101  -23   74   42  -14  -13  116  -14  127  120  -19 -107   22   44   39 -113  124 -125  -32  -64  108  -97   10   -8  -95   45  -60   92  -52   37   68  -79 -114   15   92    0 
-126   80  114 -127   73  -33 -105  -33 -117   62  -18 -121   65   78  -56   45  110   82  -91 -113   -1  -22  107   75 -113   47  125  -98  -66   89   30  -64   41   17  -62  -14  112  -39   82  124 -105  -64 -125   88 -113  -53    6  125  -99   43 -116   28 -107  119  -24  -91   38  -27  -61  101  -66   97  -91  103  -14  -25  -38  -29   64  -84  -33   87  -20  -30   48   -5   46  -74   -8   75   97    4  -24  119   -5   80 -100  -94  -75  -33 -121  -13  -64  -84  -38   51   20   52 -106  -44   96  -11  -84  -51   87   92   72    5 -110  -63  -47  115   69   57  106  -63    9 -122  -29   62  -27  -22  -79   38   22   11  -39  -86 
 -64  -17   -1  -96  100   43  -19   59    7  -74  -63   25   -9   18   12  -68  -53   -9   -3   84   -3   96   18   99  -54   67    9   97  -50   98 -117   14  -47   10   47  -75  -75 -100  112   60  -46  -79  -43   73   67   98 -122 -114  -39    3   98   86  -28  -12   57   46  -73  -62   15    6  -92   27 -108  -11  -91   67   42  -37   96   27 -105  -78   76  -19  124   16  -49 -126   30   40    5    1   -2  105  117  -72   24  -83   -6  -89   51   31   66   71 -108  104   11   63  -61  -21  -38  -38   29  -90   71   25   54 -106   27  -43   62  -95   86  -67 -118   75  -11   34  120  111   74   43   14   12  -13   35  -12  126 
 -30   55  -23   60 -110 -122   98   89   32   25  112  -69  110   46  -36   68  107  -25   15  -32 -119    8  -48   83  -77   94  -32   38    1   84   36   99   12 -115   31   30 -108    2   -9   52 -101  -25  111 -119 -106  -52   77 -127   51  -36  -30   60  100   50   16 -104   16  112   62 -110   68  -29  117  -48  -16   21  110    4 -105  -26  -72  -78   77  -88  -69   99  -12 -120  101  -89  -28  -57   99  -55  121  -13  -31    9  -29  -97   27  -88    2   17   -8  115  -90  -25   -9  -67   77   48  -17   26   88   42   -2  -52   50  -29  -13 -106   42  -42  -33   35   74   64  -84  -83   96   72  -43  -30  -39   78  -43   -1 
 -75   77   60 -126   -3  -85   28  -43   85 -102   33    7   -3 -108   29  -89  -22  125   74  -76   61  119  -30   29   63   55 -128 -104    5  -43   23   58  -94  -45   60   31   -2  -39  116  -45  -13   21   90  113   41   -9 -104 -108  -12   99  -56  -78   90   42   79   25  -30   79   49  103  -91  -56   34  -57   27  -34  103 -103   55   91  -20  -85  -15  -58 -100 -102   61  -76  -82  -78 -105   -9  -28  113  -95  -77   10    3 -125  -69  -21  -88    3 -115  -17  -98  -21  -42  -73  -93  -78   35  -50   35  105  -22   61   39   30  108   89   54  -29  -67   39    4  -16  -78 -120  -13  -19  -13   27  113    0 -117 -113  107 
 -31  -57 -114   19  106  -36  -74   84   70  116   -5  -27   96  -44 -101  -61   17   66   71 -127  116   79  -11  -30  -62 -112  -45   66 -101  -30   46   -3   41   60 -112   20 -103  -57  -24   95  -69   99  -60 -101  -73  -33  -34   72  -94  -91   73 -106  117  -66   -8  -73  -49   75  122  -22  -82   40  103   87  -28  120  -21   -3  -65   83  -35   -6   54   33   21  109 -127  115   53  -93 -104   -1  -71 -115   61   50  -59 -116   -3  -65   -9   43  103  -34    3  -53  -42  110   73   21   66  -90 -113   -8   71   36  -26   72   23 -101  107   48   26  -91   61  -40   87 -126  -28  -44  -63   91 -128  -88  -70    3  -12   16 
 -15  -67  -90  -77  -29  -75   44  -86   90 -110  115  -15  -83   94  -95   72 -125   95  -96   90   97    4  -81  -93  -32  -81  -53   26   50   63  -86  -93  124  -48  -41  -33    6 -125   10  -32 -107   -3   81  -62  -37  115 -118  -33   82  -86  -71   51   47  -24   86 -113   23  -94   41  -55   97   83  -19   94  -92   68  -67   42   71   71 -118   92  -60   91  -98   32   78  -87  127   32  -45  -72  -44 -126   33  -86 -111  -72  -52   58    2  -82   14  111 -116   50   51  -55  -36   -6 -111  -26  -42  -43  -63  -12  117 -112   29  116   48  113  -83 -124  115   78  -81 -123 -122   -5   63    8   41  -51   -9   53  127  -86 
 127  -37   36 -112   65  122  -27 -125  -17  -37 -109 -116  -49   67  125   -4   72  113  -54  119  118  -47  -14   53   89 -100 -125  -47   81 -126   -5   80  -34  -96   96  -97 -102  -58  -94    9   33  -75   22  112  121   19  -19   65    4   55   56   -6 -120  -86  -80   98  -58  -77  -77 -104  -75   46  104   19   78   73   51  105 -113   85  -14   48 -117 -120   32 -124   28 -115   69  -96   69   -3   27   77   39   75   47  110  126   98 -122  -77   17  110   71  -33   55   -6  -56   70  -49   59  -10  -38   67 -105  -34  -33  -92  -93    0  105   32 -101   55  -56  102  -26  -74  100  -55  -68 -105   90  -86   94  -71   98 
 -40    2   40   40  -67  -97 -126 -128  -74  -31  -32  -38    4   96  -60  -91  123  123  -19   97  -31   35   69   42   95   92    4 -119   59   62  107 -109  -64   20   59   -3   51   62   -3  105  -97   93  -61   35   61    7   72   56    2  -75   25  100   88  -34   14   55  -69 -109   65  118   81   44 -119 -111  -64   69   14  115    3 -117   92   34  105  -96  -59   38   39 -114  -33  -86  -61  120 -114 -100  -41   28   83   18   47   20    8    0  -63   17   17    1  -42  -97  -11   89  -85  -47   -5 -108  -15   65   58 -103   79 -103  -61 -110 -110  -47  -82  -23  109 -126  123   29   22    3  -99   87 -108   47  -39  -21 
  78   78  -60  121  -97   64 -115   17    1   72   42  -48   97  109  -30  115  -66   17  -36  -85   19  -41   72  -87   90  102 -127  111   21  -38  -38  -29  -88   30  -35  -57  -34  -22   88   95  -78    2  -81 -108  -17   18 -121   45  -93  -28   89   54   59   33   95   22    7   96    5 -100  -70   95    0  -30   -3   93   42   92  -57    2   59   -6 -123  107   14  -12   -3   21  -94   32  121  123  -42   53   28  -75  -53  -92 -106   80  -64  -48   47   64   51  -84   29  -35 -120  101   95   68  -33  100   47  109  -39  -84    2   -5   76   -4  -10  -94  -79 -110  -41   -4  -74  -19  -52   -9   62  123  -73  -15  -89   85 
  78  -80   58   45  116 -103   18   35 -122  107   79    8  -26   27 -124   92   61  -75  110 -108   49  -91    2  125   28  -64  120   83   49  -96   40   -1  -48  -30  -84  -60   -5   62  103    1   41   54 -118 -113  -47 -114  107 -114  -60   90  -94  117  127   36  115   27  100  107  -18   21 -117 -105 -108  -37   -7  -63   31  117  127    6  -10   41  -68    0   56   13   15   36   27   83   -2   62   72   -3  -30   59 -104  -57   39    6   92   50   29  113 -114 -105  -78   45 -116  -79  -76    2   90  -16 -125   19  126   18  -73   25  -27   53  -41  -83  -78   58  105  -54 -127   16   80   93  -62  -18   78  -48    5 -128 
 126   17  -78  -78 -109 -116   34 -106   31   32   40   86  -70 -115   11   17  -69   61  -53  -92 -121  -52   52   88  -86  118  -58  120  -57   75  121  -59  -36  -85   -9  -17  -73 -103    6   87   58  -82   45  116  -68  -71    5   -9  118   81   27  126  -99  -49   86  -57  -59 -100  -64   12  103  -71   81  -61  -28  -56   50   27  -30  -72  -14 -100  -25  -96 -112   35  -39   21 -102  -49  -26   53  -51    4 -124  -93   75  -55  -65 -117   86  -90  -60   39  -23   40  112 -100  -60  -46  -44   54  -18   59   86   -2  -34  -81 -109   -8   -1   -6  -83   76  126  -79  112   73   -5  -81   85  -47  -42 -103  120   63   66  104 
  91 -122  -70  -80   60   40  107   19  -90  -54   66  -70   66  -63   52  112 -114   50  -95  126   -5   28  -83  -48  109    3  -22  102  -61  -84   78  -98  -78 -119  -50  110   49  -70    1   88    4  -60 -110  -58    5   70  -74   19   -8  -40   17  115  116   63  -60   98  -62   46   72    5   90   22   36 -116   31  114  122  -47  -84   -4  -87   48   64  -69  119  -59 -127  -83   89   -7    5  -22  -20   -6  -87   48  -36  -20  -34  -92  113  -72   58   21  -60  -38    8  -65   43   52   59   84  -27   -5 -113  -36   64 -112    9   25    9 -113 -124  117    9  -83   38  101   25 -124 -119   11  -67   67  -96    1  -99   40 
  64   72  -35   -5   28   66  118   43  -98   55   59   39  -48  -60   54  -44  -70  -65    2   96  -92 -101  100  -83   38  -95  113   71   35 -114  -17  -29   87   76   95  -13   14   85  -97   44   12   90  -44   93  -97 -118  -79  -39  -54   51  -71  -18   79  -99   28  -11  -65   13  -68   98   27   44  -59  -14   -8  -92  102 -121  122 -123   51    6   95 -121  -29  126 -110   21  -41  -36  -56   16   74 -105   46  -26   13  109  115   73   79   15  -11 -108 -127  110  -71  103  117  -77  108   40   57   76   48  -99   74   66   50  -94  -98  122   50  104 -110  -32  -49   31  -51  -62  -24 -100   81   94  -79   83   76  -22 
  58   65   29   39  -23  -42  -13 -103  -13  -67   91  -91  -33  121  -96 -110   98  -78  -14  -79   81   64  -13  -71   92  -59 -105 -115 -104   99   -9   82   36 -108   -7 -114  -21  108  -89   94  -86 -125 -124    9  124  -92   27   94  -42 -114 -113  -89   78    3  -32   42   72   -8   56   96  -37  -81   50 -128  -60  -84 -114   47 -104  -75   13  -62  -72   17   76  -75   53  -25 -109 -117  -11  -93  -78  -61   38   19  110  -18 -117   38  -50  -26   85 -128  -26 -103  -84  -12   72  -59   42  -42    7   98  103  -45 -105   29   59  -85   40  -80  -50   91  -12  116  -18  -30  -30   -7 -120   48   95   93   48  -58  119   93 
  58   63  -94  -28 -107   41  -57  125  125  -34   26   56    9  -62  104   87  -99  -36   75   11   62  -83 -124   70   93  100   36   14  -86   27  -21  100  -38   13  -55  -16  -74   16  -19  -77  110 -121  107   -8  -55   84  -49  -25  -80 -101  114  111  -56  119   53  -90   91  -39   52 -123  116  -97  105  -49   44  -78   63   98   66  -84 -106   49  -77 -127  -87   -4   85   -8   99 -122   19   86  117   92   77   42 -126   40 -124   54   45  120   85   22  -57    1   73 -122  -29   11  -78   -7  -68  -27   -5  -27   98  -48   94   69  -42  -15   27  -53  -51  -24  118  -49 -112  122 -123   61  114   90  -44  -70  -37  -99 
 -64   63   40  -13  -72  101   88   51  -54   58 -124  -88    0  -38   26 -101   38  103    4   28  -73   20   22  -68  -46    8 -105   38   66  -14   67 -125  -79  -21  -10  -22  -48  -50  -99   27 -119  -95   67    9   -4  -35   36  -94  -59  -88   62   -4   61  -44   56 -113   92   79   53   31  -62   -8   34  -13   99 -104   93  -76  -26  123   79  -17 -100   18  120   24  112   29   58  -75   69   -8   49    2   76  -23   17   41  -71  -58  -56   -5   62  106  110   34 -126   76   86  -24   71   37   88   99  -73   80   -4  -89  -19  -74  -36  -77   47 -115   53   -5   -9  -57  -92   48   13  -20  -85  -52  -42 -103  110  -40 
 101   68   65   44  -23   25   16   32  -23 -116   72   87  -62  -92 -118  113  -78   63  -19   41 -122   17  -39   20  126    4   96  -44   29   78   45    3   18  -18  -81  123 -121   63   27  -16   75  -29  -57 -114    8  -47  127   58 -111  -20  -29 -105  126   60   43  124  -64   11  -48   93  -39  125  -32  107  -21   16  102  -14  -49    2   99 -101  101  -86  -87  -19   -4  -88  -89   13   21   10   36   19  -58  -48   15    6   91   95  -28  -75   93   68  -96  -56  -44 -121   59   36    9   30   63  -18   72  104   92  -60 -112 -125   81   37   14  -10  -72   84   70   71  -37   33   39   63   86    4    3  119   76   88 
 126    7   -4    7  -91  -69  117  110  -93   81  -78  -77   85 -124   89  -29   -6 -111  -73  -64   89   18   97    0  -47   56 -124   85   47   80   45   45  -40  -87  -76   -3  -28  -87  -21    7  123   30   58   80   34   19  -77 -100   37  -22  -36   -2  125  -67  126  -50  117 -126  -93   36   82   80  -47  -86  121    5   40  -35   47 -109  100   42   49   31   -6  -45  -78   45  -17   87 -105   75  -43 -108 -119  -45  -29  126  -43    6   35  -88  -41  116  -46  -48   -6  122   46  -87 -114   18   83   63  -79  -51 -109  -28  122    2  -69 -111  -50   17  -90  -41  100    9  -43  -70 -113  120  -30  -26  109   52   55  -25 
  47  -27   16   61  119  -29   -4  -87   48   15   13   42 -110   72   59  -32  -39   97   55  -66  -22 -116   -8   -6 -123   90   96  114   14   23  -39  -67  124  105  122  116  -52   -9  -99  124 -122   42   38 -104  -14  -31   -8   76  -61  -81 -118   45  -68    2  -89  -63  -36 -120  -77  106   31   12  -88   28  -11  -94   16   65   25   45   61   32  -41  -29   56   73   68  -79   21 -121  -32   31   53   28  -95   92   93   -3  100 -112  -24    4   28   16  -96 -111   50   48   82  -52  -35   15  108   52  114   36   -3   55   85 -109   62  -74   50  -13   82   84  -48   48  -47  -76   64   57   56  -35  -55   88  -18  124 
   8  -63  -56  101   80  -76   25   67   88 -105   -6   46  -86  -72  100   92   44   54   48  124  -26 -126  -80  -89   59  105    4 -123   65  114 -127  -54  -77  -55  -81 -124   -3   73   71  -43   96  -63 -125 -118   -7  103  102  -91   30   23  -95 -124   25  -46  -85  -44  -69   47  -39  124   34  -38  -58   85   35  -10   89  -96  -65   32  -10  -97   97   -7  -87  -37  -31 -113    0  127   38   34 -125  -65  116  -81   20  -81   94  109  -85    0  -56  -14  -42  107  104  -81 -116  -89   80    2  -58   49  123  -17 -116  -36   -2   13  -37  -91  -81  -33  -28  -93   14  120  -46  -20  102   -3  109  -82  111  -61 -103   87 
 -14  -91  126  -62   39  -60  116   35   51 -128  127  -78   13  -37  -41   60   58   59   95  -56   52  -79   52   26   47   33   72   30  100   97  -10  -41 -121  -12   25   46   57   13  -47  -20   14  -47   30 -101   44  117   88  -26   49   55   46  -27  105  -30  127   24 -124   71  -74  104   40   44  -65   47  -95   89  -34   90  -26   47  -58  116 -128  101 -112   44   90  104 -110   11   31   64  112    8  -93  111  -96  -89   54  -41 -113  -33 -125  -49 -114  -92  -88  -20  126   14 -100  -59    3 -100  -86   19   73 -124   -5   91   16 -102   28    0   35   63  -16   67  102  -90 -102  117    5  -98  -60   20  -62  -20 
-128  -63  123 -100    6   -2  -71   48 -111 -126   52   12   93  -60   38   -7   69  -55  -72  -75 -115  -98  -37  -89 -108   97  -59  -40  -11    8   69  -11   73   64   18  -49  -66   75  127  -49   77   51   91   42  120    1  -92   61   75  -36  114   88   -5  -51  127   15  -82  -59  103   35   77   44 -103   22  -20   43  101   42  -10  100  121  -61   23   84  109   15  -42 -111  -52  -95  -18  -66  121  105   12  120   -8   58  -67  -33  -34 -118 -116   -9   32   -8  -94    5  -93   24  -23 -100   91 -127  113   72   16  -57   90   93  -24  -56 -101  -31  -79   39  -39   41  -30   23 -120   64   33 -108  -73  -62   13  -39 
  71   48  113  -79   76   76  -78   61   20   66 -124  -18   31  -20   54   59   77  103  -30  -89   16   68   62   25    4  -33   45   59   33  -70 -108  -23  106 -123   26   55   81   76  -12  -26   14   -7   84  -82  101   11  105   51  -14  -53   90 -125 -112   24   28   20  119  -55  -48   25    4  -28 -126  -18  -22   28  -91  -69  -24   26   33  118 -109  -10  -92  120 -127 -115   43  -13  -39    5  -10  -23  -99 -110  125 -107  -36  -51   46   96   50   48  -50 -100  -52  -12  -41   52 -114  121   42  -95  -17   79 -103  -16   92   69   99  -75  -54  -38   30  -24  -20   28   -3   72  105  -85   40   27   91  119   55  -89 
 -21 -113   91   -7 -120    5   26   -9  -44   51  103  -79   -8   74  -26   67  -92 -123  -85   17   33   40  -39   10   83 -126  -90   46  121   93   85  -28  108   48   93  116  -75   -9  -21   10  -86  -46   59   35  -99  -95  -26  -63  -90   17   82   71  -71  -84  -46 -116  -82   -8   58  -89  -43   15   11  -62  -65  -24  -74  -12   95   34  126 -119  116   57   44 -111   91 -110  -45 -127   35  -91   73   92  -47 -101  104   -1   19   34   38  104  -79  -79  -86  -16   25  -31  101   -8 -125   99    2  119   29  -82 -119   -8  -63  -36   -7  100    1  -62   65   83  -35   41  -46  112  -52  121   89   -3  -86 -125  110   68 
 -28   83  -68  -25   54   62  -33  -45  109  -24   75  -82   68  -59 -110  -59    7   83 -104  101   -3  -21   85   73  -28   46  -58   14   50  -76  -46 -106 -121   15   -2   62  -51   93 -111  -70  -59   93  -24 -119  -94   -5  -50   41  -50  -25   14   75   82  -28   20  -74 -110   91   68   68 -113 -105   91 -105   38  -39   85  115  -74  102  -82   -5   67   22    4  101 -111   82   15  -32  -71  -99  -85 -117    1   64  -63   20   27 -122  -40   42  -99  -77   65   67   12   22   54   66   -3  100  -67  -64   -5   65  -90   12   20   53  108   77   82 -104   89  -44   88 -102  104  -13  -96  -64  -99  -67  -12   95 -128 -128 
 -11   55   67  114   27 -128  -77 -106   66  -39   35  -42 -114   15  -93   96   39  124  -76   -1 -105 -100  114  -73  -35 -112  -11   81  111  -11   81  -28  -84   20  -41   72   21   10   94  -41   99    1   45  113 -111   80   81   56   77 -122  -72  100  -94  -86 -101   -1  -70   16  -48  -87 -122  -94   14  -78   54  101  122  -53  -17   89   34  -46  -38  -49  -61  -21  -96 -108  -92  109 -102  -36   81  -67    6  108   60   65   -3 -115  106    3  -81   -8   53  101  -35   48  -79   76    9   83  -98   99  -93  -31  -49  -61  -10  -13  -80   16   79 -127   77  -43  109   10 -106  -22   23 -127  109   70   -7   35   43   87 
 -45   92   35   92   48   66   63   83  -93 -114 -106   25    1  -58  -86  -48  -57  119   38  -76    1   60   31 -104   61   12   94  -73  -81   10 -114    2  -26   49  -34 -106  -13  -98  105   23  -84  127  -80   46  -59  -38  126   12  -46   36   65   83  -31  -32  108  -98  108   74  -43 -100  -44  -29   30   59 -107  125   81    8 -101   59  -97  -57   58  -48  117 -128   42  116   12  124   24  -51   80  121   45   60 -104   26    6  -19   54   91   81  -44   22  102  -47  -25  -18  -20  -94   14   52   93   94   41   93    8   29  -23    5  -74   55  -43  -81  -28 -111  -57  126   23   53   52  -14    6 -119 -120  -20  -38 
 -16   90   71   18  -24   -5  -17  -58  -92  -52   79   66   54  -44  120  -19   41  -89   81   58  -17   80  -47  -92    4   68   42   13   76 -106  104  -68  112   47   79  -39  -86  -66   31  -50   11  -18 -112  -63   66 -120   46  -21  -80   -1  -91   31  -49   -9   67   84  -69  -19  -31 -121    3  -55  -60  -13  120 -109   76  -94  -47  -20  -15   92   90    1  -99   29   10   75 -120   58  -53  -82  -39   26   37 -100  -18   96    9   80  103 -116 -103  -85   -1 -110  -66  -52  -76   16   56   37  -20   18  -89   10  -81   49  -43  -72  -21   32  -26   68  -69 -117   96   41  107  -23   -7   82  -11   19  126  116   37  -68 
