 -64   89   76  120   -1  -71   11   38   67   58  -41 -104  114   66   57  -40    6  116  -29  -26   29  -50   79 -105  -95  -60   42  -97  -72  -49  -37   -7  -88  -88  -15   39  -31  124  -51  -92   55   36  -68   41  -26  117 -126  108  105  -27  -46    7   52  -95   30   85  -27  -56  116   30   23  -49 -105   63   -9    8  -25   88    5   52  124  -68  -39  -71  101   63  -82  103   44 -104  -51  126   31 -127  -96  -67   86    5    5   74  -93 -100 -103  -70   91   17   67  -62  -23  -56  119  -26    4  -48   31  -23 -113   77  -47   59  101   30   58    4   31   90   65  -11  -33  -58  -65    3  -30  -40   61  -66  105    0 
   0  -45   72   -9   57  -52   71  -40   54   87  -91 -121   18 -117   37  -52   15  -60  -90  -47   57    6   23  120 -119  122  -48   70  -72  -70  -57   56   13 -113  -80  -58  -36  119   30 -110   78   67 -103  -31   78   62   45  -34 -126   84   47   59  -38  -58   51  -29  -64 -125  -87   -8  -67  -16  -79   74    0  -31 -112   92  -40   46  110  -89  -14 -121    8  -64   69  -75   30   71 -119  -51    2  -29   20  -75   70   84  -72  112  -51  -10  -32   -2  -64   96   95  -47   60  -73  127   42  -34  -15   49  102   50  -10 -100  -48  -67  -91   30   63    9  -78  116  -49 -122  -83  -65  -45   35   32   81   99    0   48 
 -76  -67  104  -76  103  -58   37   25  -83  -41 -113  -55   40  -51  -18  -58 -116  119   -8 -127  -57   -2  -82    6   82   81  -90   35   52   39  -44  105  100  -68  -99   75    2   66  -28   47 -102  -12  120   66   65  -25 -120   77  -34    0   78   37  126  124  -84   80   77  -46  -12    2  121   72  -21   93 -124    8   41    6  -54 -115  -74  -28    1  -82  -90  -62   21  -82 -112  116   46   94   25   45   91   69   -3   40 -104  113  -86 -111   57   21  111   61  -99   24  -60  -24   37   -6   76  -89   40  115  -23  -66  -95   -7  -78   80  -40   75   -3  -77   17  122   91   41  108 -122   58   37   27   41  -29   57 
 -63   39  -95  103  -95  109 -114   73   96   -9 -121 -126  113  -71   82  -55 -123  -49   -4   22  -55  -41  -65  -75  -35  121   91  121   35  -66   50  100  101   83   75 -122   64   89   79   33  -47   87   35  -62 -112  -11   11 -107   68 -121   43 -115  -34  106  -61   60  100  -98   53    7  -36  -25  -21  -63  -70  -73  -57  122 -112 -106   27  -31  109  -66   35  126   51  -82 -109   -9  -75   63    5   20   41   72  -48   13  102 -123 -108  -62  -20    0    3   38   55   74   32   71   96  -68  -87   78   -6   76   76  -82  123   95   37  -80   30  -86   68  -56  114 -108   85   88 -103  106 -102    5  -22   29  -85  -95 
 -25   76  104  -56 -120 -111 -106    2   94   98   48   89   65  -42 -119  -32    0   78   40  -13   98   -3  -53  124  -25  -26    1   81 -125   45  114  -21   -7   91   51    1  108   73 -125   74   43   52   35  -20 -118   45   76   10   -5  -12  125  -35  114  -55  -39  -39   47   91  -85   50    8  -99  -99 -127  120   80    2  101   25    5   47  -60  -71  -45   49  -61 -128   -3   78   -5  114   75   88  100 -108  -78  -67   67 -115  -24  -10   21    6   19   22   -2  -28 -104  -29  125   29 -109  -62   87  -26  115 -102  -26  -16  104   97  -30   52   57  -58   72  107    4   12  120  108 -126   13  -14   21  -93  113  121 
 -69  -44  119   89  -25  -71   48   77  -84   74  -77   28   51 -108  127  -25   78  -59  -81   57   73   59   50   54   61  -65  -88  -45  -29 -103  -52   30  -18  -61   -9   85   -4  -89   35   40  114   86  -59   37  107  -60 -116   57    9  -69  -14  -45  119  -92 -119   52  -28  -79 -121   71  -53  -44  -27   57   23   93   14 -108 -124  -79   60  118 -120 -127   27  115  -59   39   44   79   99  -98  -94   90  -61  -85   14   39  -36   22  -18   39  106   83  -32    1   48  111   21   53  -96  -46   43  -88  -45  -57 -101   25  110   71  -24   81  102   10   43  -87   53  -70   80 -111   80  -66   57   58 -111 -103  -69   66 
-120   81   -9  -87  -93  -94  -47  -10  -23  -19 -113  -40  -76   -9  -87 -102 -127   85  -61   54 -113 -109   72   95  -47    1   25  -29   26   84  -91   35   37   28   76   72   62  -99  -65  -88   10  -50    0   63   70   41   89   71   -2  -99   -2   13  -80  -58  -20    2   71 -123  101  -31   90 -118 -124   -1   38   80  -56  -28  110    7   12   -8   85 -116  -73   27   54 -111  -29  -76  -82   97   66  -34  -89  -82   96  110  -76   69  -49 -114   79  -44   13  -11  -92   85   90 -110  -36  -26   11  -78  -13   66   77  -87   83  -80  -35 -127 -111  -97  -32  -72  -50  -64  -90    2 -122  -10   16   85   74  -99  -53  110 
 115  -91 -127  -49   11   12    1  126  -50  -49  -89  -94   -1    5  -93   17   36    3   73  114   68  112  -12   74  -26 -124   31  -80  -94  106  -98 -107 -113  -97  -28   27   43  102   25  122  -75   65 -100   52  -58  -65  -59  106   67 -113   93    7  127  -47  -47  -27  -42  112   21   -8   91   51   13  106   83  113    5   -2   87  -97   -8 -116   96   20   65  -90   84 -122 -112   23 -107  109  -98 -108  -65  -17   -7   21  -33 -114 -115  -70   66   26  -91   21   11   42 -109  -29   73   12  -17   41  -96  -80   79  116  -73   96   11  -52   77   41  -31 -116 -104   90   33   -8  105   46   50   43  -56   87  -64   84 
   2  -45  -73  -53   95   38  117 -128   87   68  116 -114   36    0  -38  -14  -87   59   -2  -62   22  -96   58   -1   78  -20  -86 -105  -60  -22  107   70   61  -94 -111   29   72 -122   29   31   75   17   45  -17 -111 -120   97  -69   67  -32   -3  -39    0  -73   88  -50   35 -126  -27  103  -20  -48   45  -86  -14   63   71  -69   69  -28   90   16  117    8 -128 -121   16   97  -62  -45  -63   63   45   65  118    5 -112   25    8  -11    1  116   70  -82  -98  -72  109  101  -13   51  -55  -50  -61  -65   86  -61  -58  -26  -91    8   57  -26  -57  -26  -88  -67  108  -72   86  -12   45  -41  -24  -13    6    7   44  -13 
 -20  -97  -90   54  -19  -22  117  -61   45  -69   41   82   67  -29  -71 -118   73  -31  -57   53   25  -99  -87  -58  -11   18   58  123 -103  -26  -18    5    5   21  -69  115  127  -80  -74   44  -21   96   -1  -82  -61   56  -72 -116 -103   -1   66   50   29  107  120 -110   -3   50 -115   22 -104   -5 -100   30 -112  -41   17 -113    8   71   60  115   39  -69  -94  106  115  -38  119 -116   90   57   62   -9   36   54    9  -94  -23   22   56    1 -111   84  -97  -94  -84   48  -79   52   -8  109   39  -97  -88   73 -118 -101  -92 -127  -89  126   58  101  -11  -34   28  126    0 -123   20  -71    6   37 -115   38   71  -71 
 -42  121  109   78  102   21  110 -113  -34  120  -86    2  121  -46    0   51  -73  117 -111   83  115   18   88    7   75  -33  -83   88 -123  116 -110  -37  109  127  -86   84   20 -104   99  115 -112 -115  -11 -119  -33  118   60   23  107   77  -22   95  -33  -61  -26  -86   34   19 -125   39    8 -107 -126  -11 -108  -84  -55   41  -60  -84   28  -44  -70 -111  -35   25 -121 -103  -80  115  103   27   82  -58   94  -72  -15    0   76  -12  -89  -44    9  -87   73   29  -42 -109  -58   26  -65   98  111   -7  116  -52 -109  123  -26  -61  110  -51   94   64   19   60  121 -124  -68   69   -8  -29 -103 -127   13   98   31   99 
 117  101   -3  -75   72  -20   46   60   57   65   55  -97 -123   38  -20   99  -26  127   32  -33 -124   92  -92   -4  -64  -67   -2   77  -96  -99   48 -107 -126  -83  -54   74   26  121    6  -45   58  -66  -14   63  100   94   35  -54   93  -61   42   97  -97   78  -34  -33 -116   92  -84  -84  121   92  -63  123 -118   12   70   36    5  -52  119  -65   10  -23  127  -18  -57   34   57  -92  101  -29 -122 -124  -79  -28  -28  -67  -64   16  -23  -71  -19   43  -76   -9  -73  122 -101   60  -57 -110  123   81   -5  122  -64   66   28  121  102    1  -36  108    6   13  -48  106   75   16   -6  -76   73  103   95  126  -34 -106 
 120   -7   82  -65   11   78 -111 -122   72  -47   72  -27  -54   47  102   38   27  -20  -77  108  -42  126   -4   81  -77  -58   56 -110  -60 -105  -87  -68   16  123   -4 -100   73   13  -94   18   94  107  119  -88   26   93   78  -75  -54 -127  -95   32 -128   30  -15  -77  100  -86  -59  -88  -63  -18  -28   81  -22   96  109  -77  -19 -112   69  -53  123   60  -13   21   26  -63   74  100  -61  108    4  -61   10  118  -10  -18  -96   59   22  -31  -86  122  -78   20   91  -96   71  -56  -80   13   20  -85  -55 -121   64   99  -55   10   71   12  -10  -52   79 -128  -62  -59  -18  -30 -128 -124   67  -86  127  117   62   90 
-107    6  -94  -59 -109   54  -16  -36   62  -80  -64 -121   59 -121   19  -79  -45  -30  -78   21   39   32  119   39   37   58   82   36   48   16   -2   69 -106   32 -117  -87  -41   -5    6 -107   44   70 -100  -25   77   47   24  -95 -111   74   54   56  -21   46  -33 -112  -24  -79   52 -104   66  -78   94   88   82  105 -126  -87  -28    8  -66 -112  -50  -38   -9 -101 -119 -112  -68 -102   90  115   82  -59   33  -78  -43 -119  -29 -119  -94  -91  -69 -128  126 -114  105 -128  -73  -51    8  -10  -34   86   80   85  113   90  101  -82  116   64  -95   71 -123   66  121  -37   75  -36  -28  109    2   32  109    0   46   86 
   0  101  -92 -120  -37    2   94  -84  -41   79 -122  -67  125  122  125  -98   65 -126   96   58  -35   44 -105   66   25   25  -30    7 -103 -112  -35   25  117    1   33  -47 -125   -1   -3  -37  -50    3   24  -52   -3   21  -22  -65   23  -53  121  117  119 -112   55   16   41 -103 -105   66  -87  -11  -37  -98  118  124  -17  122   -5  108  -43   74  -17  109 -106  109    2    0  -84 -103   75  -91 -114   66  -74   69  -45   95   94  -22   34 -121   95  125  -90   86  122   21   80  -11    2  -91  -65  113 -110  -43   94   20   86 -118   45   33  -80   60  -28  -26    1   55  -59  -32  -95  103  -25 -127  101   13   87   95 
 -93   39  -44   37   76   20   22   94  105  -11  -14   63   -1  -97  -31   47   91   69 -107  -35   -4  -37   61   29  -62  -92   30  -89   50  -11 -122   85 -100  -37   -6  104  111 -112   70   88    5  -72   24 -123  -40  121   52  -77   62   74   16  -70  -91  -51   87  -25  -14  -10   15  -92  107   21  121 -120  112  -13  112   95    3   55   56 -119  111  -48 -114  -57  -55   66   -5 -121   12 -117  -63   49  -39 -104 -103   75   14   40  111   -6  -67  104    2  -82  -37  -14 -115   94  -87   69  103 -103 -107  117  -32  -34   56   91  -27  -60  103   38  118  -64   63 -113 -117  -51   55  122   71  116   98  -55  -94  -67 
  60  -80 -101  101  117 -125  126 -117  120  -33  -23   48  -70   79  117  -95  -11  107  -31  -76  122  -20    2   49  -26  -55   37  -56   19   72    5  -49  120   33  -76  109   36  -77  120   28   18  -30  -51   76  -79  -62  110   38  -83  -49   91  -89   60  -35   88  -94   38   -3  -21  -71  -59  112    8  -67   17   61  -85  -75  112  -93   82    2    5  -97  -50   54  -31  -68  -35   14   12  -72   53  -56   21   13  -22  -69 -118   85  -11  -48   70  125   13  -41   58   56   13   42   92  -33  -84  -31   -2   -5 -104   95   55  -11  -19  -61   45  -94   11  -62   47  118   -3   57   75  114 -119   17  112   23  105   42 
 -49  -10  -43  -85   85    1   13  -45  124   37  -78   52 -102   31  119   71   65    3 -119  -16   -7    6  -87  -60   -7  -77   86  -23   74   63 -109 -103  -75  -24  -59 -118  106   82  -35  102   -9   15   26   17  -82   18  -40  111 -107  -31  -33   14  103    8   82  -32   59   40   73    5  -25   93   31   28  -59  100   38  -81   54 -125 -106  -83   18   48   62   64  -62 -106   47  -41   -9 -114  101  -34   23   56   63  -46  -32    8   88   72  -27   -9  -28   43  -37 -117   90 -111 -114  112  -66   33   33  124  -31   99 -110 -111  -69    9  -97  -96  103   54   88   38 -119  -71  -81   97 -127   20  -40  -27  -65   51 
 -16 -102   68   -1 -118 -126  -96   43  126    1   15 -112   18   74   25   50  106    0  -24   67  -89  -15  124  -42  -46  125  106   42  -30  -86  -35   83  -60  -95  -46  -50  -93  -14  122  -95  115    9  -79    6  -45   74  -72  -67  -53   32 -128  -14 -110  124   72  -28  121   50 -113  -36   92  -20  -81  -96   14    1  -17   49  115  -23   83  102  114 -124  -20  -59   79   36    2 -102  -59    3   12  -41   -1  -44   59   -7 -122   74   85   99  -73 -124 -125   69    5  -14  -10   -8   91  -55  -34   77  -50   75 -110  -99  -17   21  -73   52 -104   67 -117   23 -105   71 -112  -99   17  101 -128   72  105 -124   13  -18 
 -10 -124  102  -46  -51  -59  -97   27 -112  -78   56   -1   71  111  -76   95   50  -65  -10   73 -122    7  103   24  -20  103  -32  -42  107  110   68  -30  114   43   52  -65  112   83   91 -128 -123   19   -1   76    3   51   43  -75  115  -94  127  121   41  102   17 -107   77  114  -21   57   96  -80 -101   82   91   79 -111   75   34  108   75   40    0  -54  -12 -125  126  -96  -72  113  -62  -73  106  107  -99   -4 -128  107  -18  -20   36  -50   28   63  -96   -9   14  -79  -62  -80  -98 -115   88   30  -41  -51   33  -43  -19   89  -58   47 -111  -79   26  -82   45   26 -103 -101 -122   61  -23   34   -4    9 -103 -118 
  58  -37  -69   88  -24 -109  -10   64  -32 -105 -107   77  113  -36   -4 -126   13 -106  -80  -70   49  -54  -43   55 -121   62  -38    4  -57  -13   14 -127   79   73   90  -73   93  -48  119  -67  -24 -115 -117  -39  -23    7  -37  118   30   11  -80  -49   85    5 -122   93  -61  -32  -31   10   84  111   11   35   57  -27   90   22   54   82   83  -98   95   94   -9  -56  -26   82  -66 -124  -35  -18  -45  -77  115  -39 -112  -74   58  -15   64   14  -32  -53  -79 -103   49 -117   47  -25   93    3    5   60  -31  124 -124   71   78  -62   75  -85   48  -98  -34   35   -8  -18   89  -78   95   25   64  -64  101  113  -39   22 
 124 -119  125   90   12    2   22  109   -2   27   53  -52   93    0   -9   14   31   86  -79 -105  -60 -117  -55  -92   36 -119  -28    9  122   61  -97  118   70 -100   80  -46   30  -25  -64 -100 -126  117  -24   95  -11   96  -19 -108   54   31  -85  122   42  -12  -98  -50   -3    2   88   -9  -64  119  -18 -122 -108  -66  -39   50   37   25   79   39   14  -73    7 -125 -105  116 -104   77   19  -61   72  -67   56  102   12  -75  -23  -28   45   41  -37 -101   47  -17  -39 -120  -94  127   33  113   38  -81  -88  -83  -77  -64  -94  -53 -115   53   14   85  115  -58   60   -1   -4  -91   99  -87   78  -66  -60   -3   46   29 
   6   80   28  -89   65  -61  -41  105  -16   10  -87   18   85  -73  -56  -29 -116  -69   42   72   58  -90  109   29  -49   59   91   19  -71    9  -80   63  -39   77  102 -102 -112  -67 -124    0   71  -83 -109   28  -28  -37 -128  -15   22   42  -71  -48   80  -89  109  -97   98   72   50 -101  -46   98   90   43   47   65   70   63  126   74  -64   70  119  -45  -30  -36   46  -30   77  -60 -116 -122   20   92  -83    1  123 -112  -55   45  -85   27   16 -122  -57  -65   71 -115  127   69   87  -65   11   78   18  110  -86  -64  -48  119    4  -35  126 -104  -71  -85   25  -75  -69   98   98  -25   -2  -14  -19   69   50  -76 
  82   49  121   41  112    5   -9    2  -13   34   66   67   25  -58  -96   23  -34  -38   67  119   15  126   89  -15  -27  -41  100   82 -100   22 -122  110  -57 -128   23  -73    5 -113   57  120   49   -5   59  -54   65   92   98  -97  -74   37 -106   69   35  111  -74 -119  -57 -102   91  -29   48   98  -46  119   98  105  -82  -25  120  103  -33   41  -30 -102  116  -93  118   86  -62  -84   -5  -40  113  -98  -56  -88  -89   15  -62 -125  114  115  101  -60  106   71  -82 -103  -82  -90 -128   13   80  -29   39   68    6   30   26   73   74 -107  -95   60  -77  -23  100  -37  120  -90  -34  107 -103  -61  -81 -124 -118  -35 
 -99  -72    4  -99   69  -44    0  -20 -104 -121 -118   50   80   85   71  113   17  122  -37  -11  -43  -45   27   51  -66   53  118  -18   57 -128   75   86  -72  -49  115  125   35  -12  -22   59   -5  -12  -19  -53  -55  -76  -68   90  -81   23  -49    4  107  107  -72  -87   32  -82   23  -39  -81  -29  -81  -25   50  -94  -27  -42   22   79 -111 -111  -61   -1  -36   13   51   25  -25   98  -80   55  -25 -101   34   31  -59  -62   77   92   27  124  -65   74  -28  114  108   73  -56    3   24  -39   20   91   88  113  -24   12   10   80  -18   58    7   85   86  -87  -12 -101  -21  -62  119 -122  -66  -73   80   34  -87   60 
 -21  -15  -65 -125   74   84   95   35   69  -57  -81  -49 -105   29 -119   30  -13   95   71  103  122  -78  -87  114  -72  -24  -87 -120 -118  -46   69  -10   67 -124   -7   13   88  -40  -80   29   32  -33  108   55  125  118  -42  -16   85  -99  -41   80  -48    1   66    8  105  107   17  115  -67  -42  -23 -128  -38   99   13  -77  -69   62   80   91  -99   61   19 -102   51  105   10    8 -122   98  -40  -42  -29 -102   95  -52 -123  -16  -65  -62   70   41  -62  -96   12   80  -45   71   14  -92   35   43   97  -74   70   20  -97  -48 -100  -91  -78  -11   -4   21   15  -37   97   21   75  -95   87   17   74 -102   49  -42 
 106 -123  -99   -8  -87   64  -93 -118  118  105   30 -107  -70   58  -69  -20  -81   55 -126   63 -110   99  -44   93 -124  -85  -18   78  -59  -97  -92  -81  -92  -62   39  -51 -126   75  -41  121   52  117 -114  110   48  -55  -37   95 -128  -35   30 -110  -64  114  111  -59  -98  -35 -109  -29   -3  -72   19   33   -6  -70  111   -4 -123  -58  -11   58  -68    4   40  108   77 -125   75   78  -32  -22   96   33  -36   80  102   -6  -83  121   94   42  -79  -15  -52   43   43  -69  -88   49    1   29  -21   61  -95 -109   41  111 -105  -11   61   -9   95   29 -104  -69  -19  126   54   27  120   20  -59  -87 -123   17   85   48 
  76  125  -31  -50   26   76 -117   60   96   53   43  119  -86  -24  -18 -119 -123    7  -60  -13    5  122 -114   -3   14  -45   39   19  101   -4  -60   49   -7   37  127 -109  -14 -117   79  -46   64   -6  -55  106   98   55  115  104  -66  -73  -37   68  -78  -23  -63   64   60  104  -44   33  -28   24  -45   93  -67  -46  113   47  -35   64 -127  -99  -69  -54 -121  -99 -126  122 -123  -64  -78  -32 -124  -28   73  -58  -92    6  -82   -8  -89   19 -112   -6  -16  -50   77  -31  125  -86  -94  127  -56  -35  -55  -49   -6  -53  -54    0   12   -4   96   16   96   42   86 -124  -80 -123   -3  -41   24   13   82 -120   91   31 
 -22   89   73   12   88 -111  105  -95  -31  -29  -19   43   99  121  -89   68    9 -121  -18  -32 -117   30  -27    8  117  125 -106   71 -123  113  -26  -17   74  -80  123   34  -63  100   68   34  -56  -79  -51  -85  -86  -12  111   51   -5  -35 -109    7  123   -8 -113  113  -11  -91   56   -5 -105  -97  106   97  -49  102    4   16   74  -56  -77 -110   -7    0  -66   35  117  -83  -42  -16   11  -22  119    6   98 -121   -9  -40  -84  -80   83  -61  -49   61  -91   30   35   41  -82  -18  113  -31    0  -22   98   62 -115   87  108  -29  -57   -9   77  -65  125   48  -58  -11 -120  -14   37   91   54  116   24   91   18  -68 
   4   64   42  -11  -94  -86   95 -124  105  108   91   85  -49  -94  -52  -99  -31  -55   77   39   62   85 -102  -29   48   80  -41  -56   43  105    4  -81   42  -82   36   76  -39    3   80  -62  -17   43 -105   62   77  -29   91  -81   44   40   86  -21   -3  112   78  -83   64  -90  -10  -21 -113  122   26   57  -87  -66    5    2   65  -43   68  -80 -128   91  111   78  -66   74  125  106  -13   83  -43  112   68  -92  -98    4  -54   20  112  -39   14   10 -109   55   73   24  -71   10  110  125   59  110   88   42   60 -106  -12   57 -127  103   13  -42   88  -47   -6  118   85   68   10   69  -98 -104  -48  -79   80 -103 
  73 -119   35   55 -121  -34   38   95 -120  -30  118   -3 -100  119  -28   41  -51  -68  122   72  -78   79   12   60   21   42   85  101   91   37  126   37   46   33  -36   53 -128 -126   21 -120  -27   11    5    1    2  106  -86   79  -90  -92   23  -39  115  -92 -107    8   78  106  -19   42   15  -21  -49  -66 -115   43  115 -115   46    8 -107 -109 -109   27   20   21    5   62  -27   43   98  124 -124   85  -96 -102  -34  111 -124   75   25   20  -73  104   82  -60   19   69  -47  -63  -50  -26  -44  -31 -127  104  119    6   38  -36  -78    8  -40  -74  -34   -7  -48   60  -24  -43    7 -127  105   62  105   59 -126   -4 
   0  -45   62   78   58 -110  -80   59  123  -89  -62   33    3  -12  -86   91   42    8  -44  123  -60   60  -48   75   61  -71   10   38  116   12  -93  -12   96   97  -61   26  115  -13  -43  110   26   23   16  -99 -117   58  120   54  -62  -51   49    6 -119 -127  -47   71  -70   91  -19  -82  -24   16   34  -56  -15  101   98  -27  -40  -73  -45  114   79   99 -113   90   29 -120   16   95  -43  -63  -27  -34  -62   55  -91   -4   18   19   42  122  -93  -51  -62   21  -78  -92  122   11  -36  -51   -3  -85  -79   13 -123   78   21   22   46  106   87 -109  -56 -102   74  -18   22  -35 -127  -63  -41  -92   14   26   57   64 
  62   51  -53 -102 -127   73  -59  -78  -42  -53 -128  107   97   46   85   56   66  -99   82   12   11  -23  105   12   42  -63   49  -72   91  -22  120   25  -98  -60   52  -97 -115  121  -47  -29  -60  -47  -50  -91 -128  -93   94   66  -64   48  -50   76 -103  -72  -40   67   -7 -119  123  -44  -12  116  109   18  -72   33   49  -59   27 -126   40   95  -45  118 -123  -45 -103   99 -107  -39   19  -28  -91   45   28   -2  -16 -107    7  -20  -23  123  -32  -42   13   24  120  -66   93   19  -64    5  -14   20   -5   -9  103   20  -38  125  109  110  -31 -109   27  125   17 -117 -110 -104   -9   -5 -108   87   81   33  -17   73 
  96  -52  -36  -96   81   79   52  -52  -58   28   96   33   25   78   15  122   97  -86  119  -14  -75 -119   10   45    4   30    4  -43  -64  116  -97  -96  -64   -5  -64 -110  -54  117  -34   17   17  -65  -78  -86 -115   65  -92  110  107 -101  -32  -96  -92  106   77   40    9  -46  125   73  -58 -100  105    6   24  -87   24   98  -98  119  -13   47  -74   37   89  -61  -26  125  -79  -47 -104   17  -14  -68   -5  -65  100 -124   17   98   77   87  126   54  -34   22   96  118   -7  126  109  108   46  -93   18    7  -26  120    5   23  -54   29  -88   60   90   36  123   62   40   13   32  -10  -28   31  -84   66  -75 -116 
  57   46 -117   38   27   57   74  -83  -64  -80  -91   69   72  -17  -29  112  -85  -67   20  -89  123  -67   52   28   51 -104  -69   95   91  -16  108   20  -97  119  -70   58   48 -124  103  112  -75 -116   54  125   -4 -103  109   39  -42    2   78  -47   63    2  109  -14   27  -88  -47  -10   25  -67 -118   56  -76  -60  -14  100  -55  -39   85   -2  -27   11   -5   97   36  -24    9  122  106  -41  -53   41   90  -71 -101  -11  -31  -19  107  122   42  117   50   95  -71  -92   67    2   -3   24 -128   99  -93   -5   68   71  100  -51   65   78   37 -115   -8   -1  -58   19  116   39 -128   95   34   43   84  -44   10 -115 
  -7  -51   16  118  102   16   89 -119 -116   30   81  112  107   18   62   16   31  -74 -113  101   74 -125   13   74   98  -81  -11   54    3  127   68  124  -51  -44  115  -77  100   76  -68  112  -22 -115   96  -42   32   31  102  -65   85  118  -91   31  121   50  -22   92   97   95   18  -28   95  -42  -31  -84   42  -44  -33   15  -96   27   -1   11   41  -32   97  -55  127   71    8   84   61   45  -12   55  -33   94   19  -64   61  -91   37   28   -4 -122   72  -90  -38  -89   53   -6   67  -75 -123  -20   21  102   53   20   46  -67  -24  -21  107   92  -94  -54   58   53   11   -8   91  -80 -108  -41  -74   93   -3   16 
-124  -77 -118   71  -24 -112  -77  125  118  104   17   36  -90  121 -112 -111   86  -78  -37   16  104  102 -120   67 -106  -99 -102  -52  122   23   92  126   74  103   70  -78  119  121  -81  109   98   64   18 -120   58   34 -103   16   84  -12  -96   60  -37  -87   -1  -15  -58   25   62  -64  -79   26  -66  123    1 -124  -82   -8  126  -35  -26   96  -98  120  104   88   26 -127  -24  -18  -11    8  -85   80   49   42  -62  119  -60 -128  -73  -11   26  -10  -16 -100   -6   30   20   -8  124  122  -40 -102  114  -64  114   12  -63  -38  123   55   98  -90    7   20   80   73   11 -108   73   67    9  -28  -71  122    0   51 
  24 -108  -84   20 -113    4   46 -127   69   32   14 -122  122    9   61   93   47  -59  -15   -1 -114  124   20   88   63  -99  -68  120 -105   60   44   48   80   88  -60   95  -36  115   97  -95   19  -17  -88   14  120  101  -21   39  -86   92  -90  -71   88   58 -111   24   88  -51   16  111 -119  -68   31   89 -108  100   57  -15   87   26   18  -22 -119   58  120 -127   32  -29   40   74  -65   78 -125 -104    9 -108   48  -31  -31  -64  -48  -22   -3  112  -60   17   84  125 -126   43   23   21 -107   32  -49 -114   33  111  -15  -55   58   49 -105   61   73   32   82   -7 -127  -77   57  -46   30  -74  -62   98   72 -106 
  95   74   65  -10  -33   86 -106   47  100   55   30  -42 -128  -40 -121 -105 -106   80   56  104  -55   57 -101 -126 -117   57  -71  -51   27 -127  -29   -6   75  -92  112  -85  123 -122   90   95   61   -8  -75   61   81  -68   85  103 -116   13   79  -43  -58  106  -40  -46   36   17   31  -65   18 -125   58  -35  -89   42    8  -94   49  -30 -126  -18   91  -73  -84   44  -12 -127   19    0   14  -30   86   84  -52  -82  -90  112   63   70  -80  -47   73  106   46  112   20  -73 -109  -59   25 -107   52  -12  -52   96  -96   64   97   51  -63  -17 -107 -105  -61  -30  -59  -22  -46 -124  -80    2  -43  121  -20 -125  105 -127 
 -70  124  -58   84 -111  122  -56  -34   90  -23  -98   59 -100  -33  -86  -78  -10  -18   20   59   88  102   63 -120  -23 -108 -127   85 -104  106   86  -46  103  -99  -90  120 -105  -17  -42  114   88  -11   45  116   84   88  -90  -53  -58   58 -122  -98   33   70  -90 -118   90  -89   95  114 -111   54  -59  120   83  -21  113  106   90  -57   92   50   60   10   39   17  -30   77   92   40    8   98   70  -87   40  108  -77    3 -109 -110  -11  -92   72   58  -99   27  -90 -114    6 -128  -43  -30   51 -110  108  -38   35  -50  -89   -1  118   47  -31   60   88 -118   40 -117   13   59  -98 -126   96  102   61  125    2   99 
-117 -120   99  -32  -22   22  -14  -41  112 -107   37 -104   20   28   71  118  -40   32 -128 -127   43   13   60   73   15   28   48  -52   25  -78  -81   36  -70 -109 -123   36   41   -9  123   26   13   33   50  -95  -67   -7 -105   21 -103 -105   22   69   36  -45   14  -76  111  -66    0    9  -16   48  -83   42   67  -78  -49  -20   42  -54 -122  -73  107   56  -40  -88  -78  -16   62  -53    7  -44 -112  -84   39   31  -32   23   93   96  -96  -50   16  -51  120  -45    0  -57   64  -86   18   70  -31   -3   -1   57   38   49  -87  -28  124   49   56 -115   93  -32   44  -67  119    9  -99 -105   87   46  -28   80 -127  100 
-105   65 -114   41    8  -17  -89 -121  -87   77   56  -46  -79   52 -125  105   65   96  -55  -19  -99  -64  119  -69  -41   78  105   60   30  106   32   54   44   47  -33  -76  -98    6  -69  -57  -45  115   26    4   39   29  -18  -23   -2   55   86   27  120   77   86  -49   28   63 -117  -70   42   44  112  -42  -37  -48   10   -7   86   69   65  -86   56  -37   46  -33  120 -100   72  -10   84   31 -110   76  -20  104 -101 -120   40  -89  -61  -46   83  -77   40  -82    3  -78   39  -38  119  -24    4   47   67  -78 -114   60  -49   87  -78  -93  -10  -60  111   98  -83 -118  107   85  -79  -82  -89 -124  -31   79  -78  101 
-127   90  -65  120  -62   67   39 -122  117   53   66  -60   12  116  -25 -126  -71  -42  101  -26  -31   80  -69   18  126  -30   23  -33  -79   73  -60  -78   35    3  -86  102  -58   81  108  -68    6   46    0 -109   34  104 -107   91  -66  122  -63   31   74   -4  -78   72   94   73  -88 -113   18  -20  -63  -74  112  -21 -100  -74  -68 -120  -14   67   54  115   86  -40   91  107  -76 -103  102  -11   57   48  114  107   -7   80   52   33   96  -58 -115  -95   -4  125   13   24  -76   73   32   38   12  -42   25  -30   47  -12  -50   99   14  -76  -40  -57  100  -54  -78  -35 -101  102  126  123  -84 -116 -100   41 -119   41 
 -63  -67  -13   98  100  127  -72   -3  -30  103  114   48   74    0  100  -93   71   72  -19  121  -90    8   95  -92    3 -117  -80   32   52  -70  -55  118   -9   60   88  -37   60 -112   89  -98  120   75   78   66  -53   50  101 -110   -6  -45 -117   32   91  106   69  -33  117  117  127   42  -81  -56   32   39 -123   -8 -126   65    8   91   95    0   38   45  -61  113  -33  -88 -125   89   -5 -114   -6  -41  120  -65   54  110  -76   53   24  -28  125  -72 -117 -126   48 -115   67  -72  105   34   57   15  -49  124    1   46  -92    4    8   32   19 -126  119   11  -63   45   -7  -11  -30 -111   89  -33  -55  100  -30  121 
 114  -91  -78   91   72  107  -22 -105  103  107   70 -117  -16  -50   43 -125  -48   34   14   17  -49 -120 -122   49 -103   96 -111  -29   68  -13  -36   54   24   14   17  -32   -7  124   -8  -32  103  -66  -20  -41   12 -105  -38   92   58  105  -19 -119  113  -13   59 -118  -45   76  -19 -104  -65   74   78   87  -40  -32  -72   82  -36   48  -78  -61  110   30   27   -6   54  117  -42  -16   94   67   -7   79  -74  -76   90   10 -128  -57   34  -65 -111  -16 -105  -22   80  -49  -68  -84  127  -18  -16  109 -115 -117  -25   67 -128   61  -77   95    0   44   46   54   97    8  -64   97   80   98  -95   97  -45  -72  -53  -93 
   7    7  -48    6  118   64  -13 -125   75   90   70   75   23  121   42 -105   37  -39   77    6   97 -114  -24   49  112    9   19  -61   65   94  -25  -56  -26   55   78  -36   -9  -63  -33  -62 -101  -91 -115   50  -98   56   73   67 -111   22  -54  114   36   50   36   21  -69  -73   88  124 -107  -65  -60   -5  118 -110   87  -19  -45  -74   47  -18  -37   61  -96   -7  -11  105  -67    6   -1    7   -8  -92  -71 -100   57  -12  -45   17  -16  -23   81   52  100   71   70   60  -75 -103  114  100    7  -50   33   39   71 -106   16 -124   28 -113   11 -107  -77   68  -79  108  -72    5   -2   40  110  -49  -36   82 -106  -94 
  14  -53  -69    1  -80   66   79   81  -23   22  104  121   27    4 -119  -90   25  -68  107   75  -87  -93  -48   39   76  -66  118  -88 -112 -116  -53   31  -40    6  -96    8  -55  111  -39   50    5  -63   44  -96   70   53  -57  -33  113  -78  -86 -102  -43   -6   65  -95   56   55  -54   73   68   21  -24 -100 -101    8   36  -28   -9  125 -105  124  -65   67  -99 -123   -8  -28  -28  -23   22   15    4  107 -119  -59 -115   66  125  -41   11   65  108  115   93 -121   -5    1  -20  114   -2    3  110   61  -58 -117   66   62  -17  -89  -89 -123   54   43  113   63  113  126    1  110  -43 -116   47  -63  127   12  -56   -6 
-115   52  -20   11  -73  -37  -55   -3  -26 -117  -69   86  -78  -29   91  104 -114   76   40  127   74  -87  109  -97  -74   28  -32  -75  -88   41   48  -75  -35 -100   65   21   -9 -118 -110   94 -107  -50   52  -56   49   15  -80   63  -36   88   63  -90 -126   44  -58  -72  -55   38  -19  -15  -49  -99   39   45  -70  -24  -62   49  -14  -44   15    7   34  -61   79  -45   83 -128 -109  -81   88   82  -43   90   -2   27 -110   71  -62    0  -71   17   29   96  -66   87  -56    0    9   58   85 -104  -63   -9  -36 -111   75  -81 -111   94  -34  105   48   51   68  -82  -49   86  118   17  -42  -81  -94  116 -113  -31   75  -41 
  97  -44 -111   54  -19  -46  -82   73  -29  121  120  -12   87  -42  -34    7 -119  -94   53  -40  120   43  105  -49   90 -116  -61  105  -19 -114  -64  -50  -29  -47 -123   80   36  -77   25 -121  -84   17   -4 -125  103   90   10  112  124  -65  -55  116  107  -78  -61   69  -66    6   47   43   21  111  122  120  -63  127   72  101  -78  -31  108  -34  114  -24  -31   89  -62  107   73  -66  -86 -110  -77 -107  -59  -10   91    3  125   10  -81   18   -7  -87   10   58  -88  -46   31  -38   51   12   56   37  116 -103   -2  -73 -124  -57  -11  -82  -38   40  -60   31  -97  -97  -94 -100   41  -47   46  -94   -6  -72   93   34 
  10   -4  124  -67 -120   52   98  125   77  -32  -76   81   39   41 -128 -127  -46  -60   32  -15  -29   67   13 -116 -108  -69  -82   15  -13 -117  -79  125    8  -82  -70   16   98 -100   13   48   -4   65    1  -93  -21    1  -91   61   69   69  -82  -88    8   59  -76   29  118  -29  -84  -23  -18  -35  -26  118   11   32    7  -18   60 -108  -98  -72   86   31  -37  -63  -95    0  126  102  -58  -84 -113   78  103  -61  -21   93   38   23  -58 -107  117   44 -117    0  -52   18  110 -120   39 -116  -64   -3   44   27   62   77 -100   60   51  -30  104   66  -80   79 -122   28   44   44  -77  114   65  -88   30   77   41  106 
 -33   23  114 -122   36  -78    3  -48   77  -63  -99  105  125   80  -53  101   19   -4   52   25 -104  -32  -59  -53  -46 -121  -12  112   84  -99   90  -77   52   76  -70  -40  126   61   40   76  127   69   53  124   22 -127   98  -87   -3   22   66   21  119 -121   96  -55 -114  -44  -70   98  -15 -108 -106  -90   97  -48   -2   95 -115  -89   43 -116  108  -31 -119    2  -30  107   43   95    1  -19  -12   -8  -11  -44   66    3   41  124  -26 -102 -112   -4  -64  113   76   63   81   89  102   -4  102   82   93  111  -43  -65   90 -128  -98  -37  -18   18   84   99  103   22  -26   16   18   76   42   34  -56  107   20 -108 
  42  -27  110   16   97   84  -30   63   67   55  126   29   56  -99  120  -90   47   76 -119   22  -30  -17  -90  116  -68   81   23    4   60  -85   25  -26   16    7  118  -15  -37  -40  -80  -98 -112  -81   59   72  -52   51  110  123    0  119   18   98  -26   56   87   34    9  -18  -89  -59   25   64   43  -87  -57   33   26   34  122   75   64 -118  122   -5   82  -58  -82   64  -63   46   55   83   17  -99   12  -24   64 -107   86  103  -37  -17   39 -122   24  110   40  -78   16   34  125  -48   44  119   75   -2  -67  121  -66   -1   40  117  -46  -71 -110   94   33   82  116   -9   57  -49  102  -32  -43   -2  -50  125 
  48   94   31   46  -82  -53   37  121   73   99  115 -121  -30   27  124   52   84 -113   19  -11   97    7  108   27   86   82  123  -85  -48  -54  -87 -128  -88   72   46  -41 -108  -44  -48   93  -73  -61  101   25   94   97  -51   50  112   96  -89   82  -25 -109  -19  -67  101  -24  -23  -75   50   18  -74   91  -38  100  -78  -18  -72    2  -52  -17   70  -79 -120   36 -110  -42  -41 -125  -74   -2   85   30   18  -62   91   -9   42  -60   45  -35   86   99  -72  -79   71  -22   31 -128  108  107  -17   50 -100   -8  -41  -81   78   46  -78 -124  -84 -121   34   62  -55   -2  -74  115   66   99  -48   25   70    8   74   13 
 114  -23   13   95  -43  125   17  -15  -11  104   32  -61   22   82  -57   67   89  106    1  -94  -24   55 -106  -86   26  -26   67  -32  111   13  110   97  119   -5   64  -52   -8  -46   61  109  -70  -34  -80   81  -80   -8   20 -118  -30 -107  -84   74   77  -62  116  -25   41   56   72   24  -59   54   -7  -68  -79  -70    8   42   12  -58   23   70   36   72   23   84  -64  -85   94   34  -63 -117  -20 -114  -51  -32  -11  118 -104  -67   14  -34  115 -120   26  -91  -62  -93   79   78  -23  -26   20 -115  -82  -84   97  -18  -41   64 -112   24   75   -4   38 -104   93 -100 -113  117  -39   29  -45  -51   37  110  -14  103 
-111  -63   53   -6   39  -54    7   86  -10  -24  -60   77  -88  -43  -26  115   81 -116 -116   46  -88 -101   36    2   56  119   79  -34  101  -63  -59  118    2  123  -16  -87  -59  119  127   59  -32  -60    8    8   25  110   -4  -22  123    8 -103  -93   35   61   37  -37   52  -12   57   26   53  127   16  -73  122 -127  -31  -65  120  -32  122  -40   36    2   97  -67  -15  -35   40  -20  101   65   15    8   -2  -75   99  -78   41   29   76  -33   28  -35   22   22  -34  119   85  -42  -40   79   47  124  -47   16  -70   66  109   98  -82   82   35   62  -38  -95  115  -67  -45   28   90  -96  123  -10   -3   18 -116   91 
   9   97  -79   97   48   96   94 -126  -16 -104   68  -35  122  115  -81   29   49    9   62   36   71 -111  -64   33  -79  -68 -104   46   78  -92    9  -41 -122   59  -71   54   27 -105   56 -116  -81   -3  -23  -87  -16   25   70  -95  -94    4   69  105   21 -123   11   71  -63   35  -11 -113   71  127  -25   77   58   32    4  -43   55  -68  -31  102   57   75 -113  -87  -28   85  -54    6  -39 -113  -16  110 -107  123   53  -42   30  -85  -26  -27  -86   77  -77  100  -19   55  -71  -92  115   27 -118   45  -26 -103   86   74  110  -95  -48  -57  -80   64  -75  -59   59  107   28  -39 -106 -126   63  -64   79  114  -92  -68 
  41  -35  -32   28  120  -22  -55  -34    3  -96  -88  -15  -63   -7   56  -15  -71  109   55  117   88  -45  -50  110  -43 -115  -82  -92  127  -46  -32   40   48   64  -59   40  -86   14 -121   45   46  -81  -98  111   40   86  -31   98   67 -104   87   28  -21  -91   10   64  -77   57  100  -78 -117  -60   91   59 -124  -96  -28  -82   46  -21   91  -35   26  121  -52  -61   79   45  -91   18   69  124  -82  -80  -95   57  112  -44  -14   84    7   -3 -104  -30  -71 -100    2   29  -54  -80 -120  -91   13   34  -98   90  101  109    7 -118    0  -51 -122   46   -3  -88  -25  -18   -4   89  -62 -125  -41  -37  -27   16   -9  103 
 -83   66 -104  -75  103   37   87 -122   -1   61  115 -121   71  -13  -44   78  -94   81  118    9  -65  -14  -29    2  -10   58   93   91  -54  -44   67   -9 -106   91   44  126    0    3 -124 -128  -64  119 -121 -120  -21  -37   86   13  -84   76 -106  -20  -66   -7  110   52  -77   75   16   -3  -97  -45  116  -74  -82   32  -76   46  -92  -72   46  -28  -81   53  -20   26 -112  -62  -89  -67 -114  -66   41  -51   55   23 -127  107  -30   17  -24    1  100  -35   55 -110  125  107   65  -95  -93  -17    6  -45  -91  114  109  -75  -75 -107  -14  -61  -45 -101   16 -118   50   18  117 -108  -93  -34   22 -120   59  -51 -102   56 
 -71   91   90  -36  -53  -32   47  -16  -46   29   37    7   50 -104   75 -123  -77  -37 -113  102  109 -123  122 -111  -29   16 -103  -98   94  -77   86 -105 -113   48  -13  -38 -112  -93   74  -29   64  -17  106  -14    7   53   -9   59 -111    6   33  126   11   27 -113  110  -84  -88 -116 -118  -36   99  -95  -21   19   20   69   36   55   15 -121   -9  126  113  105    6   39  -32  -63   56  103   98   54  -14   -3   70  -31   41  110  -19   51  -54  -48   84   53  100  -23   -6    8  -96 -119   15   24 -120    0    1   14  -89   98   79   95   73   49   22  -69  -82  -36   28   88  -54 -118   11   21  -38  -32  -54  -66   73 
  69   70  105   78  -43    1   86   86 -125  -28  125  101  -77   93   46  100  -13  105 -109   79    6  107 -103   16  -10   46  106   86  121  -87   31   62  111    9   12  -59 -118  -29 -101 -115   71 -104  114  123  117   32   95  -24   10  114  -73 -112   93  -47   32  -44  127   10  -86  120   51   74   54   35  -45  -61  104  -35   38 -125  -21  -19 -101  -35  -24 -111  126  -56   -7    8  -70   49   24 -104 -126  -72  -20 -127   66   22  122  -10  -32   48 -103   51  115 -127 -111   25 -124   -4 -121  -97   89  -17  -80   87   55   42  -33  114  -37  119 -118  -35  -81  -10  -34  114 -116  -40  -24  -19 -119    1  -96  124 
   2  -79   22    6   45   29   37    7 -116   86  -34   68    0   62   54   91   53   64  -72  101  -74   22   87  -62  111  -65   47  120   64   80  116  -62 -127   10   72   47  -89  -19  -74  -76  -61   20  120   67  -46   46   30 -120  -18   86  109   36  -19   68  102  -36 -125   22  -44   67  -26  -56 -123  -25   83   77 -106  122  -70  -52  -82   -2   97  -90  -63  -77   84   96  -69  -62   54  -88  102  -93  108   77   -1  111  -29   83   50   73 -100   55  -80  111    4  -57  105   63   19 -104  -67  -12  -66   -2   40 -109  -34   99  -43 -107 -116  -68  -72  120 -119   56  104  -20   11   26  -75   39  -46  -27   22   86 
  44    0   21  -64   24   82   52   86  -47  -36  105   47  -64  -65   68  -52   -5  125  -60    4   53  -84  112  -64   71  -91  104 -103   10   -2  111  -73  126    5   -9   22  -41  -85  -19   40    8  -42  -40   72   21 -100 -108 -112 -103  -40   20   78    5    4 -113  -52   41  119  -27  -76  -11  -44  -21  -12   89   98 -118  -79 -115   -9   89   21   78  -79  -35  -29  -50  -15  -12  -25   74 -120  -74  -49   13  -59   27  -74  -68 -128  -22   49  -44   85  -91  -82   55  -80  -33   69   39  -72  -38  -11  -22   56   89   56  -87  -51  -97  115  -43  -43  -62   98   26   93 -103   86   93    3    8  -78  -39   45  -32 -112 
  93   63   85    5  119  -80  122  -31  104   83 -103 -111  -96  -71 -123  -10   14  -57  -40  -87  -91  -15  127 -126  117    7  -76  -50  -75   20  -34 -110  -45  -76   23  -53  -28   18   44  -52  -27   70  -35    6  127  -30  124   13   42  -44   54   79   70   54   81   59  -67 -122 -119  -14   26  -25    5  110   27 -100  -71  127   46  101  -53 -108   43   41   26   42 -117   22  -72   53  106  110    4   48   36  -42  -21   98  -36  -12  -44  118   92   89  100   -9  118  -99   -9   36 -125   66   56   46  -21  -46  -39   -9  104   17  -84   83   -1   49    3  -92 -121  111 -122  -29  -29  -38  -39  -65  -76  -66   55  -86 
 -37  -82   78  -34  112    7 -115  -36   89  -26   83   66  119  127   21  -10   48 -104   26   55 -121   32 -102  -21  123  -12   42  -81   50  -31  -39 -115   15  -89  -20    0   46   -7   92    8   95   47  -54   86   46   95  -52  -33  119  103 -106  127    7  -79  -22    2   37 -108   49  -41  -10 -118  -28 -123  -78   80    5   96  -55  -31  -24  -88 -112   50  126   63   17  -53  -98    9  -78  -76    8   57  -27  114  -68 -118 -122  109  -31   -4  120   70    2  -86   22 -121 -118   96  -23  -13 -120   -7  -91 -121  -72   55  -46  -42  -64    4   11   72  -67  112   58   -7  123   64  -25  -36  -67  -33  -94   63    9   57 
  70   19   25  -81 -122   33   41  -84   40   97   99  122  -72  -93   -2   67  107   60   51   37  -75   46  -27   28 -117   34  123  -83  -31    4  102  -88 -104   -1  -41  -98  -95 -128  -54   73   98  -83   68 -102  -48  -62   93  -69  126   16   96  -76  -65  -58   80  -54  104   76   -9  -54  -48  -34  -14  -24   93   73    7  126   74   81   72   44  127   12   70  -49   78   35   11   77  -77  -21 -127  -14   49   81   60   26   29  -76  100  110   18  -42  -42  -17  -97   93  -18  105   47  -74   21   46   66  -37  125   16  126    8  -35  -78  116  -34   36   37  -80  -31  -65   77   21  -93   59  -89   -7 -110   22   25 
 111 -124    2   30  -70 -104  -52  124  -13  -54   13  -14   82  106   36   70  -55  -56  -20   -7   41   43  -58  -66   79 -126  -27  -56 -108  124   97 -125 -128  -28   34  -69   -4  110  -73  111  -72   68  -31 -117   47 -123   81  120  -50  -67  -15  119  105   55  -74   56   57   27 -128   77   23   98   81   24  -58  -13   83   66  -31 -118   49   26   79 -109   37   -2 -104  -10  -10  -26   52  103  -34   29   30   20  -43  -40  -81  -43  -91   71  -73  118  -33   -3  -23  -78  -65   75  -68  113  -27 -117 -124 -118    9 -100    0  127    3  -76  102   97   81    5  -11  -90   93   36   -4 -126  -21   51  121   74  -79  -30 
 124  -16  -83  -71  -31   18  -60  -27   28   78    2  -99   77 -123  -47   52  102  -93  -71  -37  -55 -106  127   69 -104  -21   -7 -111  -75   42  -12  -78 -102   33  -21   -4  -76   47   97   80   -3  -29  109  -53  -24  -65  127  -50  -30  -72   41   43  -50   41  -15  -26 -108  106   -8  -55   20  108   -5   46   13  102  -86   65   22 -116   18 -109  -17   -1  -34   88   62  -35  -90  -96   21   80   76   99   -7  -67  -54   13  -89   66   86   59   46  -46  -23  -69  -72   20  125   78   32   15   98 -113 -114  -64  103   77   30 -114  109  -77   94   57 -105  -41  118  -31  100  -99  -93   58   88   81 -116  -62 -116  -59 
  86 -119 -109  -10   24  117    5   39  -74  -19  -12   84   -5  -31 -121  -39 -101  -98   48 -111   -1   20  -81   34  -50 -121  -13  -37  -55    0   32  -97    9   51   21  -94   41 -101   73   95    8  -67   51 -125   30   58  -36   57   89 -116   75  -40   32  122  123  110 -127  -18  -55  -53  110  105  -22   -8   29 -128   26  -58 -101  -29  -91   35   32   88   38  -66   18 -126  120  -21 -114   67   68   46   61   63   28   62  -83  102 -119 -100   79  -12   20  -20  -12  -82   50   15   17   87  -78  -79   47   88  -17  -62   90  -25   45  104  -86  -15   22  103  -80  -78   38  -34 -104   47   -6  104  -93 -114  -44   23 
 -68 -121  -90   77   94  -40  126   14  -80  -19   80 -118   85   -3  114  127  111    8  103  -97   59   13   -3   83  -68  119   59  -32 -123 -112  119  -63 -105  -98 -114  117  -10 -116    3   39   -6  -45   49  -49   81   36  -50   64  -84  -75   95  103   66  -35   59  127  -44  -10  -33  -38    6  -42   27   29  -12   42   19  107   54 -106   18  -80  -22  -61   -1  -69  103   78  123 -108 -125   90  123   70  -73   54   69   12  -83  -92  102   51   -6    1  -47  111  -85  100   90   98  122  -20 -110  -28   47   18   31   23  -32   26   43  -29  -11   38  -87   44  -35  110  -72   10 -110  -98  -67   13   32   14   -4   75 
 -14  -42   45  -19   66   64   81  -15  -46  -15 -120   50 -117   51 -107    0  -38  -65  -83   55  -83  -27  -63  -64    4   -2   77  -92 -115  -55  111   -1   31   29  108  -31  -35   62   82   47  -81   91  -31  -70   14  -10   59  104   53  104   31   99  -51   96  -93   81  -33  112  117  -20  -71  101  107   88    2   88  -71   95   22 -117   14   69  102  111  127  -11  -27   58  -35 -101   34  125  126  112   93  -95   65  -68 -111   55   40  -54   28   20  -94  -98  -20  -37  125 -126  -26   11   71  -51   -6   70   66   95    1  -97  122  -93 -100  120 -109  122 -103   85  -74  -86   12   95  -12  -88  -13   22  -58   95 
 113  -61   97  -40   78   40   37  -56  -18  -25  -89  111    6  -94 -109   35 -102  -90   29  -76  123   83  -34    7   50   83   47  -91  -23  117 -124  -37  -72  101   51 -122   13  -40  -50  124   63  -10  107  -59   24  126  104   50  -91    5  102  -96  -39  -59   40 -117 -104  -41  -79    1  -51  -75   92    5 -101   15   12   40  103   90   36   38  -48   16  108  104   14   84   27   51  -38    1   84   51   70   -4   62   94   83  111  -32  -96  -91  -68   38  -64   76  -78  104   51 -116   13  -38  -35  -99  -58  -59   43 -102   96  -33  -12  -30  -77  -89  -88   47  102 -121    2   85  -25   35  122   35  -55  -70  -17 
  -5  -93  -93    7   48   -3  100   77   67  -86   -8   93 -118   87  -46  -20 -118   -7   21   57  -33   28  -68  -75 -125   95  -81   38  -88  -22 -106   35   13  -71  -86  -67   54 -113 -118   -7  -71    2  -42  -61  -38   40   48  -28  -94  -59  -98    1   97  -38   54  100  -71  102   10  -31  -48   32 -124   93   89  -82 -102   15  -67  -92 -120  -10   38  -33   58 -128 -121  -22  -27  -87   47    3   43   16   93  -31  -12 -106  -57  126   -9   23   31   -5  -12   -8   41   14 -120  103   50 -112  -35  -39  -17 -105  -39   -9    1   62   32  -80  -63  -53   64  -98   45  -76  -76  116  -77   43   12   82  -90 -128  -54   80 
  15  -46   55  -63  -29 -108   26   82  -84  116  -55   45   50  106   94  116  -75   30 -110   98   83  -57   87 -122  114  -29   88 -103  -29  -94  105  114  -11   32  -76   88   52   78   42   96   66  116   14  -11   94  -20  -23 -109 -118   -5  118   93   66   77   99   53  -80   59   78   19   94   55    6  -45  -41   58  -85 -117    8   85  108  -53   73   -6   64   39  102  -87   59  112   36   49   78  -25   -2   49 -100   46  -19  106  -63  -53   33   71   30  120    1   73 -125 -118   30  111  -43  -24  -23 -107 -113  -49  -66   74  -64   98   -5 -114  -55  121   63  -27   39  -84  -49  105   -9  112   48 -107  104  -78 
  94  108  -68   -3   91   17  101  -59   38  116   20  100   63   84   70  -70   98 -112  -76   34  -11   91   78   69   68  -58   53  -11  -37   30   39  -70   10   99   55  -27  -12   28   42 -102   16  -65  126  -49 -109   68   10  118   84   62   24  -54   25  -26 -113  -34   44   68   83 -120  -30   -6  -62  108  -35  121  -46   81   21  124  107  -91  -69  105  -11  -49   45  127  -59    2   61   93   76  -42  -61   91   52  112   31    7  120 -126 -127  -70  110  -34  -77  -64  -81   72  -67 -102  109   -8 -125  -30   71   49  -31 -116  -77  -98  105  127  -11  -83   90  -87  -99   -7   49 -107   -5   50  -49  -22 -111    2 
  42  -64  -54  103  -37  -73  -32  -34   26  -89 -113  123  -76  -62 -102  -99  -63   15  -54 -101   56  -25   21  -23   -4 -112 -100   75   -6  -83  -51  -91  -19   23 -116   72   79  -20  -89  -23   20  -74  -28   72   -7   -2  101   58 -115  -80   86   70   23  -21  -81 -108   -5  -53   95  118   -8  -83 -101  102   68  -89   46   19   20   85  124  -88 -116  -31  112    5   95   85  -65  109 -123 -107   51   29    0   98   49  124  -82   16  114   38   61 -115   12    2  -76  -69 -107   72 -112 -110  112 -100  -13   96   33  -46   54   97  -65   59  118  114  -40   -9   85 -119  -13 -125   26  -27   41  -41  -14  -74   89   38 
 -15  111  -17    1 -127  -33   30  -12  -64  -65   70  118  -96 -122   49 -105  120 -118   14   77 -109 -127   80   45  -26   -6 -123   88   48   94   -2  -95   77  109   34   78  -51  -64  -62   13    0 -119    3   32 -113  -76   55 -121  -66  -59   85  -46  -58   37  127   44  -97 -124    4   79   99 -125  112   48  112   19   -1  -67   83   65   74  -45   74  -51  116   89    2   43   97   64  113   54 -110  -73  -37 -110  100   -5 -106  -24  -54  121  -21  -69   42  -36   78  -87   25   33  106  -28  117   53   49  105   14  -77   20  -17  116    5  -91 -122   61    1 -104   33  124  -81 -119  -58  -88  -11    1   82   81  -49 
 123  -22  113  102   78  102   27    0   79  -87   51  -29   25   39  105   62   46   38  -65   70  -57  -69  117  -48    2  -98   69 -125  112   22  -45  108 -127  -60   82   79  -86  -19  -49  121   22 -125  -36  -81   42  -59  110  -40  107  -83  -97  -78  -23 -108    3  107  -78  -56  110  -93   95  -63 -113   96    5   97   47   47  -50  127   40  100 -126 -123 -108   44  -54 -126 -123  -74  -81  -92  -24   24  -72  107    3  -21  -76  -14   14 -109   51   29  115  -71   -2   34  104   76   33   17   48   35   22   68  -48   96   70  -43 -106  118   -7   -1   14   49  -22 -110 -100   30    4   42   49  -73  -57   36  -16   69 
 -57  -39   17  104  106  -62   12    0 -122   92  -32   77  -79   -9   67   42  118  -47  -37  -32  -29   -8  127  103  -94   48  -97  -22  -43   15  -81   28  104   65    4   82 -125 -112  -46 -119  108   51   86  -99  -86   25   71  -96  107  -93    0  -50   27   -1  -74   61  -80  -43  -89    5  100  -41  -95   77 -104   37   31 -101   54  114  -92   34   37  123   64   79   20    7  111   -1   42  -17   78  -59  111 -124 -125  -97  -39  -86   36  -67    1   69 -118   25  -22   42   52  -96   28   89   67  -63   84    3 -112  -24 -118  127  104   53  -18   54  122  -35   58  125   -4 -109  -88  -96  -48   41  101  -37  -61  -48 
-123  119  -16   33   80  -77   98   36   54  114 -115   65  113  117  -10  -33   43  -16   61  -27  -18  -71   -8   22  -38   72  -65  -65  -93    2   15  -88   -6 -128   73  -54  -77   43  111  106   29  124   43   14  113  -95  110   28   17   43 -127  127  100   -7   21  -66  -63   85   -2  -27  -41 -115   13   81 -115  -41 -100  -63 -126 -117  -85   32 -121   86  -82  120  119 -100   20    8   71   21    8   44 -114  -99  106  -49  114  -24   52  -54  -10  -62 -101    3   25  -73   68   27  -62  111  -69  -55   69  -22  -63   60    6   85  -59  -50  -22   77  122   -8  106  100   72   93  -51   -4  -89   67   62  -62  -58  -41 
  -6 -117  115   60  122  -82 -122   64   24  -57   -4  -97  -99   65  -19    7   14  -25 -128   -7  -53   72  -42   24  -60   -3  -37 -125   63   34  -38  -71   45  -51  118   39   -4  124  -25 -108  -61  100  -77  -32   37   32  104  -76 -121  104   45  -45   48 -125  107  116    0  -57  119  -65  105  -46   -7   22   31  -17  -67 -101  -21   37  -80   46    9  -29 -113  -82 -124  119  -30 -117   95 -113  -34   15 -110  -54    3   18   17   -5   82   -6   77  -53 -112  -20   58  -51    8  -91  114   56   83   -5 -101   98   42  -97   89 -116  -85   56 -100    9  -57  -82   83   75   65  -28  -58   19   94 -109   94  110   -1   24 
 -68 -121   61  -82   63   16   42   91  -13  -44  122  -52  -32  -91 -123   -4   47  -52   43    2 -105  -20  103  -35  127   69  -16   93   52  112  -11  112  119  -78  -98   55   66   72   18  -75 -100   12    2   -3   50    7  121  -31   83   36   99  107 -112   74  -56 -113   16   57  108  -60   41  -31  -76   32   19  -46  -41  -42 -101  105   11  -73  -10 -115   52  -88   20   46    9  -24  -46  -20  -45  -29  -73   27  -14   71  -44  -33 -117  125   64  -65   30  -44   17  117   42   44   95  -75  100  -43  -61   24   -3   87  -58 -122  -65   25  -14   18  124   41  -82  -18  -16    2   77   -5    0   14   58  -98   98  -52 
-109   12  120  114   65   92  -57 -124  -11   68   92   59   74 -101  -44  -67   46  -48  102   92   63  -41  -34   12   82   94 -102   13  124  124   89 -112    8   81 -126  -54   46  -54  -50  -93 -114  -86   94   89  -58  -77 -106  116    3  124   80  -62  -45  -82   79  -90 -115  105   51 -119  102   12 -103  -18  -35 -100   56 -117  -26 -121  -82  -12  -79 -115  -51   -9  -64  -29  -21   67  -32  -69 -122   51  -22   85   89   -9   62   12    0   36 -104   26 -109  -10   54   75    1 -100   82   48   16 -124   61   94   -5  125  -63  103   64   33  -94   70  -43   12   27  -82 -125  -38   59    4  126   83  -98 -111  -55   84 
  93   75  112   47   -5    0   51  -72  -34  -81  -75   32 -106  117  -63  -72   60   22   69  -41   69   72   49    0  -52   48  -45  -22   65   29  -66   30  -24  -82  -50   99   47 -127 -101 -115  -80  -48   45  -58  -59  111   -1 -127    5  -60  -39  -54 -116 -118   74  -39   58  -98   67   -4   59 -126 -102  -93  -80  -24 -122   95  -22  -95  109   26  -15   26   97   54    9  -32   56 -113   36 -111  -39   48 -101  -92 -119   86  -62   77  -46  125   79  -20  -96  127   85  -90   95  -65  -57   76   89   56  -26   58  -18  112 -102  -90  127   62  -73  -40  -17  -45   -4   -8  -87   62  -59   -5   59 -108  103   91 -108   60 
-127  115  123  -56   63   85 -128  -91   15  -17 -107   42   21 -108  -24   77  -19   87  -96  105  -48  -55   40   21   68  -29   42   43  -65   62  -24  -64   49  -29    9  -16  -72    9   21   72  120   43  -14   14   63   90  -37  -84   50   -5 -106 -126   68   62   23    8  -95  -63  -77  -32  127   27   33   48  127  -86  -96  -73   51   54  127   44  -31  -15  -70  -96  -52   21  -51  126 -112  -29 -128   84  -95   23  -36  -62   89   15   35   88  -85  -60    9  -86  -18   41  -31  -95  -33  -31   77   64   82 -121   97  -98   28  -82 -100   44   17 -100    0   50   52   92  116   13  -20   23  -27   23   91  110   65  -55 
  24  -94  -21  119    3  -72   56  -42  -64   25  -12   92   71   17    9  -40   45 -119 -118  -31  102  126  110  -46   22  -44  105  -15  -62   42   59   90   76  -90   82  -48  -34   10   38   30  -93 -102   -5  106   43 -124  -62  -39 -115  -52   58  115  -54   41  -59   96  125  -82  -46  -65   88 -115 -102   37  -77  108  117   17  -10   27  -80   25   53   43    3  -31   47   69   58   60 -111  -12   48  -37  -99  117  -68 -102  -92   14  -38  124   27  -12   33   78  -32   22  -33   86  -79   15  -17  103  -70  114  -56  105   55 -126   38   72  -10  -42  -93   20  -53  -33   46  -17  109 -120  -20    8   -4 -115  -42   92 
  36   54   50   85  -59  -95   60    0 -109 -124  -23   74 -122 -113   18   -3  -27   54 -111   49 -107   63  -96 -125   72   12   11  -60   26   98  -95  -66   24   83 -109   93  117   80  -35 -120   84   71   83   91   86  -27  -40  -68 -101  -23  109  -79  -88 -115  -76  112   26   63  -75  -76   33  -42  -14  -71  -87    5 -105  -98  -43  -12  -89  -86  -69  122 -123 -110  -33  -35  -50   -5   70  -69   44  110  -56   96   95   98   31 -108 -106  -63  -22    8   -6   19 -114   17   50  -29 -122   89   13  -63   83   18  -45  -78  111   33   45   53   92  -39   36  -91  -71    3 -121   89   23  -98 -102 -127   38   20   20   52 
 -90  -58 -104  -84  -97   37  -19  114  -72   65  -91  -89  -30   82   93  -65  -84    1  -28  -27 -124  -21  -66   27    9  -40   28  -80  109  -80  100 -109   -9  124  -65   22   34   44    9   90  -19   46 -127   80    0   94 -113   44  -33  -13 -110  -29   94  -48  126  -24   41   26   24   22   75   -4   41  -62   -7  104   88 -101   20  -31  117 -126 -113  118   82   16   85   97  -68  -76  -44  -50   24  -78   31   22   26  -56  -79  -78   94  124   47    7  -66  -88  -17 -106  -61 -125   -8  -72 -123    7  -82   87 -105 -125   56  -44  -72 -116   34   80  -65  -63  -26   89    9   23 -116  -25   19   59  110   81   99  -35 
 104  -90  -31  -32  -34  -26  103   12  -66  127   16  118  -45   72 -125  117   24  -62  -73  126 -101   64   22  -89  -88  -87   98 -106  123   69  -12   99  107   85  -61  -55  -69  -86   86   -7  -87  -26  -16   -4  -82  -13  -14   70   53   41   68   80  -23  -38  120   17    4   90   40   -1   32 -100  -30   11  113   37   85  -84   79   43   38  121 -111 -106  -11  -65    9  103 -123  -66   16   73 -114  122  -92 -122   11   40   97  -77  -89    1  -49    9 -116  -64  -82   97  -19  125   12 -109  118   29  -87  -20   92   50  -45   97  112  100   43  126   94   79 -123  -23   -9  102   29   30  -25  108  -89  -13  -83  -43 
 -43   26  -46   97   45  -55   -1   86   53  -37    8 -120  -67   -8  108  104  -10   74   55   -5  -76  -82  -31   81   76   72   61  115  -68  106  -56   17    4   26  -14  -79   99  113 -121   24  -51   15   33   10 -121   13  -14   -2  -40  -87  121   12  -41  -37  -35  -93  -93 -102 -106  -33 -123  -34  112    9  120  -29   59   92  -44   66  -12   33  -46 -107  -85  -39   35   29   87  123   70   81    7  -99  -84  100  -64  -49  126  -42   47 -125   52   31   13   45 -126  -56    9  -41 -118  125  120  -36 -109  -92   54   54   65   13   49    8  -34  -72   37   10 -100  102   90 -102  -68    9  -98  113  -88   43   30  -85 
 115  -89    2  125  -92   -6  -38  -73   30 -112  109  -32   29   30  104  124   86   13    6  114  -13  -32 -115   48  105  -85   33 -110   86  -65  -67   73  -26   63   70   10  -71  -96   66   88  -80   47  -72   78  -50  -96   74  -92   45  -48 -105  -95   49  -92   81   26  -49  -14   44  -91   49  105  110 -105   40   52   33   98   85  -29   58 -123 -109  114   83  -31 -110   29    5   63  110   28   96   31   64   49  -71 -113  -93  102  -76   84   79  -94  107   -8   87   13  -38   44  112 -108   49 -125 -122    5  -28 -104  -94  106   87 -112    6   56   47  -57  -23  105  -42   13   79   11  -31   30   45  -51 -106    4 
  90  -16  -80   74    4   98   78   10  -25  -78   34    9 -100   -6   26   35  -78  -55  106   27  -78  -64  -88 -127   75   10   32   -7   87   54  125   49  -89  -82   -5   43 -112  -55  -74   -9   -4   88 -128   24  -46   26  -69    4  100  -91  -96 -106  -26  -56 -104  -79   82   56   42   41  -18   40  -38   21   86   86  -63  102  -97   -9  -35   27  -49  -35  -76   34  120  -17  -90   92   21  -58  114  123   15 -118  -84  -31   66   87 -117  -79   -1  -27   70  -43  -69 -121  -69  -37   -2   24  118   78  117  -86  -16  109   26   22   73  -81   93   60  -86  -20   70  -42   77    9  -83   88   58   44  -66    0 -127   -7 
   8  -68   84 -122   84   75   84   74  117  -60   55   15   91    1   62   56  -67  104  -92 -125  -65  113   12  -20   74  -58 -103 -120   71 -102    1  -49  -41  -42  -43  -85  -95  -86  117 -106  -18   45   38  -55  -82  -28 -127  -21  -51  -91  -18   12 -105  123  120   97  -63 -111  105 -120  -84  -22  -41    3   64   45   46   97   87   36  120  -59  -47   30   15   -1 -126   16  106  -49   54  -40   91   77  -45   84   46   21  101   23   29 -111 -127  117   20   66   34  -61   35   -7  103   27   62  -72  -71  -51   55  -68   94   33   11   20  121  -25  -31  -51  -69 -113   98  -96   38   -1  -78   39  -12   70  -23 -106 
-119 -115   15  112   40  -50  -88   98   27   95  -98   -7    0   41 -115   -6 -112  -18   71  -53   -3   41  -20  -93  -88   30   75   29  -28  -76   51  -18  -63  -61  -34  106   17    7   76  -84  -26  106   38  103   19   51  -31   36  -94  -88  111   31   81  -37   67  121  121   14   22  -34   66  -54   76 -124   13  -86  110  -98   49   58  -54 -104   36  112  127  -73   36  -32   91   70    8   75  -27  -39  -90  -88  -46  -96   54  105   -2   -7  -77  -54   -3   64  -12  -21   94  -90  -91  -88  -66   73 -103  -67 -128   61   29   92    3  -91   39  104   -2   77 -111   80  109   71   57  -21  -64  108   53   61   44  -86 
 -88   10  -48  -51   51   14 -106   76   75 -105    9  -24  115 -116   13   26  116 -117  -25 -123   91  -43   77   21   64 -115    1  -10   75  -82   32  115   56  112  -63  -21   -2  -41  -73  -55  -18   64   49  -31   76  -66  123   65  -55  -29   70  -92   56   19   57   -8   33  -69  110  -20  -23   14  -33  -95   -2   32   13  124  120   68  -59  -26    5  118   72  -47  -76   67 -110   -3  -90   89   34   94  -20  -37  -41 -115   22  -59   -7  127   84   89  -95  -46   -7   46  -49  -15  -14   20   88  119   11   32  -55   63  -29  -37  -67   10  -76   95  -24   33  -70   63   46   81 -123  -88   80   89 -127  113  -85   -6 
  31   -6  108 -110 -113   68 -119   26  -28  -46  -39   71   46   22  -47   98  -11   58    3   48   -7  -78    1   -2  -38  -47  -41  -37  -61    3   85   98  125   65  116 -116    5  126   38  105  -48 -128   49  126   22 -126   97 -116   60  -28   60  -74   22  -67   52  112   14 -116  -53   81   15  -95   52   12   98   40   25  -24   38  -65  -47  119  -65 -126  117   86 -123   86   98   65  -69   30  119   81   91   44   66  -23   56 -115  -69  -57  -82  111   83 -111   23  -20   -7  -66   44   74  -75  107   77  -86   65   82 -127   35   19  -68  -63   11 -115 -100  -73   79    6  111   93   65  -74 -117   48 -119 -100  -57 
 -10   21    5  -94  -32   58 -115  -83  101   79  127  102  -14   18  -94   52  -99  -81   80  -44  127  -42  -61   92 -105   -7  103   71    3 -124 -113  121   25   20 -101  121  -49  -88  -90  -76  119  -91 -102  -22   56  -68  -98   85  -21  110  -86  -22  -59  -19  -58  -36  103  -82  -92  -22  -78  -77  -29   75   71   -2   69 -106   38  107  -54   30 -111  -28 -120   73   32  -90   30 -116 -108   72  -10  -39  -74   61   54  -99  107   90    7  -99 -115  106  104   84  -24   45  107 -114   25  -75   44   42   26   52  -13  -70   90 -111  -58  111   90   61  -56 -112   -6  126  -83  -27   88   52    2  101   30  -22   58 -122 
-104   37 -108   49   90   65  -37  -12  -11   78   47  -48   95  117  -65   57   50    7   73  -84    6  118   17  -34   42 -109  -60  -56   -2  126  -50   22   35  -29  -57   -3  -92   34  114   25  -16   33  105  -49   22  -88 -119  -55   48   82  -11  -74   73 -121   20  -13 -102   88   60   24   86 -118  -82   -7  -19  -11  119   17 -105  105  -85    7   10 -108   87  -96  -67   96  -23  109   50   95  -93   -5  102   55  111 -128   16   43   25  -26   53   71   96  -93  -67   87   52  -44   64   95   92  -54  116   51  -22  -79   19   84  -98  -59   51  -63   65   25  120   48   25    8  -37  -78  111 -112  122   79  -77  -73 
  38  104   11  -26   71  -25   48   59 -102 -102  108   45  110 -118  115   33  -53   52  -70  -60  -28   84   76   63 -122   59   79 -128   10 -125  -73  -80  107   67   22   50  -86  -58  -18  -59  -31  -38  114  -49  -27  101  113   48   25  -85  116  125  127   65   60 -122   -4   12 -122 -121   15  -66  -73   -6 -127   78  -84  -85 -108   26  -16  -11  117  -29   69  -38  -56   54 -118   98   97  127   95   97   64   28  103  -68  -88  109  -61   55  -85   -5  -79  -84  -55  -35  -40  -35  120   72   83  109  -85   24  -57  -12  -50  -47  -42  -81  -48  -75 -112 -112   81  119  -51  121  101   16   48 -112 -117   97  -67  -44 
 -65   21   50  -73  -35    5  -92    9  -99  -21  125  -21   60  -45   26 -115    8   43  -99  -38   34  -22  -45    7  123 -124   24 -122  101   85  -37  -92  -22 -115  -37   71   18   -1  -48   47  106  -51 -102   39   32   52   52  -87  -33   81    3 -126  -68   86    9  -73   90  -95  -67   64  118   24  100  -32   37  -64  -88  -73   63   -8  102   42   70 -128  -47  -26   53 -123   15 -108   86 -110 -106 -110  105   32  -55   67   65    7    3   56  -97  -24 -104   69   40  -64  124  -25   57   99 -111   -1   99  -30  101   24  -25  -11   45  -66    7   67  -48  -16  -29   26  -76  -91  -95   55   93  -64  -97  117 -123   71 
 -74 -126  -81  111  101  -64  -18   72   35  -45  -31 -118   72 -114  -56  -48   81   25   64  -75  -77  116  -38  -44   44  -73   20   75  -84   26   19  -30   28   66  -47    1 -126   63  -55   37 -109   42   48   91   56  120  -85   10   17  108   63   68   96 -103 -104   12  -48   45  -40   -4  -57  107   95   99   45  -80  -28   47  112   45  -43 -125  -40 -123   94 -112  125 -118   26   15  118  -39  -45   86  -14  -20  -29   66 -103   59  -65  -32   38  -98  -61  -45  -50   39 -126  -66  -44  -41  -63   44  -36  -96   61  -38  -86  -41  105  -96   49  -68  118  -93   40  -39  102   65 -108  -91  -95   58  -61  -28 -115   17 
-117 -112   80  -32  -25 -111 -116   68  -79   73  -98  -37  -95 -121   -5   82  -61  -14  117  108   75   91   45   96 -128   79   26  -61  -77   40   85  -65   56   37   31  -97   54   43   99  104  -11 -127  -61   22 -120   63  -24  -52  -79  -35  -72  124  -71  101   92  -71   52   -9   -3  104  -97  -46  -89   87  119   70  118   45  -15   90   21  102   91   89   -4  100   24  100  -80   73  -62  -24   69   -5  -51   34   52 -126 -103  -79  106  -72    3 -111 -113   -6   87 -123  -88  -56   95   61  -81   59   22   43   31  -82   16   79  119   82  -73   61  -51    4  -33 -127    6   -8  -77  -16   48   54    1   63  -79  -40 
  68  -39   33   36 -106   80  -33   45   -5  126   91 -117   77   83   93 -124   16  -86    8  111  -84 -113  -25  -33   -1 -105 -107 -127   86  -58  -39   26   31  122  -66   54   74   29  -29  -58   27  -66  -47  -24 -111  -81  -20   33  -39  117   16    5 -124  119  100    3 -114  122    4  100  -64   94   -1   96   88   61   22   35  -37  121  105  118  -73  -70  -33  -55  -23   75  106   67   64   -5  -56   68  -14  -83  -56    1  -89   76  -27  -25   42  100  -57    3   34   93  -90  125   86 -113  115 -114  -55  -46  -41   51  -98  -63  -10   94   60   62   35  -81  107  107   48 -110   55 -107   -6  -30  122   65  101   28 
  31 -117   25  -11 -102   12    3  -29   95   90 -106  125 -100   12   91   88  -53   -2 -121  -74  -23   55  -55  -95   77   67    3   71    4  -24  -29  -93  -13  124   25   13    8 -100  112  -25  119 -121  -28 -109   19  -64  107   94   62  115 -107  -88   42  -34  -55   -9  -95   76  -66   37  -76   33   73   39   29  -30  -76  -90   -2  -92   13  -11  -85  114    8   63  -78  -12   29  112  -25   50 -104 -111 -112  -31    9  -79  -83   71   87  -31  -23   32 -120 -122 -126  -68  -84    0  -31   58  118   12   44   -2  -53   94  114  105   78  -39   27  103  -21   44  -56  116   93  -10   59   52   87  -92  -44   96  -85  -42 
-100  -41   87   -3 -111   77 -118   61  -53  -43   27  -66  -66  -22   23   90  -47 -126    6   25  118  -29 -113   50 -104  103   86  -20   71 -127   67   99  -39   26  -31  -22  -25  -21  -88   50   64   67  112  127  -83    8   89   -2   10  -33 -104    1   66  -89  -77   90 -114 -119  -57   85 -117 -118   57  -28   36 -102   78 -117    5  118   61  -59   58   46  -60  103  -74  -99  -26   64   -4   -2  -63  -65   37  -12 -103   52   -2  -32    9    9  -22  -62  109 -114  -36   59 -103   97   50   87  -89  -20    5  -21  -45   59    9   57   -5 -123  -73   61  -60   93  -79  -34   17   47   62 -102  -72  -87  -35  -91  -73   57 
  97  -47   27   19  -88   66  127   45  -83  -46  -24   54 -116   99   60  -61   32 -128  -96   82  -34   49    1  -99   76   58  -58  -87   95   -3   98   64   78   -3  -45  118  -65  -46   35  -19   37 -117  -93   49  111   95  116   15   96 -107  -31  -66   70   99  -37   18   29   33   59   -4  -97   30  -67  109 -101   16  100  -37   99    7   72    8   19  107  -71    2   75  -83 -111   43  -62  -13  105 -119  -42  -59   27  115  102  -41  -17 -123  117   44  115 -112  -67   87  -21  -96  -34  -77   40  113  -97   97  -13  106 -114    5   21  -47  120   -2  -38  -50   67  117  -63   42  -52   48   47  -63  -35   34  -46   26 
  -7   61   58   88  113  -30   73 -112  -61  -67  122  -47   66   15   34   58 -115  124 -120   81  114  -55   -5  -66  121  -86    0  -42   77   82  112  -58   15   42  -98    0 -116  104   16  -49  -91   10   33  103 -103  -61   33  -89  -64   41  120  -78  114  -13  -16  107   29  112  -62  -22   66  -78   49  -46   93   79   82  105   55  -29  -71   92  109   90   67 -121  -99  -28  -82  -35 -115  -90   15  127   25 -128  107  -74  112  -83   33   51  -33  -46 -123  -68  -95   87  -90   89  -70  -33   53  -88  -71   -7  -81  -42   93  -35   52  107    3  -61  106 -100  -61   85  -46  -76 -126  115  103  -30  -59  108   30  -25 
  67   68  -64  126  -93  117  -90  -36  -18  -43   51  -52   50  -25  -73  -75   42  -95  -47  110  119   35  -94  121   23 -119  -37   92  117  122  -61   56   62    3   54   98   -7   92  -66  103  -79  113  -77   99  -40  -22 -104 -125   12  -23  113    3 -115 -109   -4   36 -100   88    0 -111   82   68   73   16  -57    0  -14   64  -36   49   40   14   34   91  -15  123  -58   10  126   82  115  111  -43 -128 -126   81   36  -98   41  -91  -81   -5  105  120 -116  -80   -8   -2  113   85  -81   25  -29   82  -12   84   77   58  -34   75   12  -46   58   97  -46   60   51  119   90  -36 -100 -119   88 -123 -127  100  -75   -6 
 -30  -90  -49   18   63   50  -28  -76    6  -79  110  101  124   -5  -73   54  -36    9  -14 -113    0  -52  -20   28  -43  -60   33  -42  -88   87   80   10  125  -97 -100   61   81    0  113  -40   49   95  -67   45  -38  -12  -29   55  125   85   70   -2  -95  -78 -102  -10  -10   60   77   30   19   29  -87   16   61  -59  -51   14   70  -66  102   -9  -98  -93  -91   -8   23    8  -81   21  -34  118 -109   -1  -88  -83  118   31  105   67  -67   -4  -32  -26 -115  -99   44  -38   44  -14   25   18  105   55   54 -114  -81  -51   23  -33   98  117  -43  117  -12   -3  -93  -22 -100 -116  -83  -38    9   14   64   22   43  -20 
 112  -41   94    9  106   72  -64   32   86  -16  109  -19   79   80  -30  -92   69   87   33  104  -63   62  117  -17 -104   -2  125   88 -108   40  -59 -124 -128  -93   14  106  107   78   10   66  -66   -9  -81 -115  -57   18  -79 -115  -23   83  117   42   17  106 -103   41  -24 -106    1   -4   63   70    1   63  106 -113   41   85   93  -77   23 -100   42   71  -87  114  -39  -37  127   66  -82  116  -20   63   95    6  -24  -57   28  105   68  -37   48  -59 -102   26  -44   67  -17  -79  118 -121  -51   33   78   -9   19  -89   82   18  105 -128    6  -43   63  -27   91  -89   45   -8 -112  -15   83   64   54  110  -38 -118 
  49   74  -69   40   81    9  -55   31 -128   92   70   82  -18   47   82  116 -124   17  -38   96   56 -121  -40   72   -8  -85    9  -82 -103   99  -72   75   45  -13  -13   -2  124   60  -99  124   24   99   78 -122   18   32  122   23  -79  -44   -9  105  -37   79   50   83  122  -69 -127 -108  -98  -71   95   76   45  -46  -54   41 -114  -24   38   38  -53  -12   44   94 -107   38  -11  -58  123  108  -80  -42   59   98  -86   53  -99  -85   73  -69  -27   40 -121 -110  122  -46   59 -120   58  -31   46 -123   86  -38   99  107 -127  -40  -79  124  -60  -31  -46  127  -61   -4   53  -32   40   -2   28 -115  -89   35  -97  -95 
 117   90  -86   47  -68   88   53 -110  -77   24  125  -76  113  -82  -80  -75   16    2  -75   83  127  106  -76   39  -24   80   52   15  -13   83   49  -23   45   91 -104  105   51   77  123  102  -26  120 -102  -41  -89  -54   12   55   77   65   10   76   43   62  -13 -108   14  -89   35 -126  122  -44  -21   39  -81    3   17   99  -47   12   73   55    5  100 -114   44  -82   26  -29  123  -36  109   71 -121   44  -70 -101  -70  -31   63  -68  -37 -109   39 -125  -61  -85   20  -90   -4  -96  111  -77   37   83  -63  -47 -126   91   52  125  -73   34   69  -65  -50  127  -38    8  -31 -103   69   60  -83  -20   63  -16   23 
 -45   22 -109  -12    5  -58 -103  -39    7  -21  -37  -29  -97  -40   26   65  -99   89 -113  -99  -76   24   -2  -51  -35  -70   -6   73  122  106  -31  -51    0  -12   65 -122   59   91  -33  -62  -58   58   37  -27 -110  -64  -89  -80 -103  -74  -51  -51   78   75   27  -85 -123 -107  117  127 -128  -42  -51    0   74 -114    6    5  105  101   72  -81   31  -19   21   50   45   60   98   71  114  -81 -108   65  122   47  108  127   69   97  127   69  -73  -52  -59 -126  -38   76    7  -60   49  -49  -13  -47   61 -120 -125  -22   68  101  -79   55 -108  -58   -8 -114  117  -28 -115   58  -58 -116   -1   -3  -40   69   -1   51 
  17 -121  119  -62  -42  -22   19 -109  -13   22   -2  -73   -5   47  110   15  117  -26   29  107   75   43   37 -111   55  -91   14 -112  106 -114   67   -5 -107   58   61  -21  -92  -47   -1   23  103  125   79  -29   44   61  114   34  -92   16   13  111  -69  -78 -128  114  -41   14 -126  -63   28   69   60   49   -1   -6  -99   36   75   28  -69   50   25 -118 -107  -59   72 -120  103  108   24  -12   91   83   39   91   69  126  -23   72  -64 -122   13  124   55 -115  -10   84   49  -63  -16  108  116 -119  119 -119  -49   63 -111  -74   43   41   43    6   -4  -46  -31  -62  -48   74 -118   16   80   23   13    8   36 -125 
 -36  -43  -59   77  -62  -71   86  -71  -62  -91  120  -44  -36   35  125 -121  -87   -6  -39   10   60   41  -44   70  -70  -91  -35   71   45 -126   74 -119  -41 -113   86   25  -56   45   82   11   82   74   95  -82  -19   92  -75   22  -42   14  -96 -110  -72  -11   88  -14   26  -74  -71  -57  -72 -125  -48   15 -109  -89  -87  -37   84  123  102   38   70   69   85  -77   34 -118   74  120   25  106 -117   81  -33   99  -61  121 -103   -4  -64  -47   -1   17   97   18   56 -118  110   12 -123   84  -78   75   26 -121  127  -68 -110   73  -76   43   51  -65   -4 -109  -93   63 -116  -68  -69  -51   14   58   94  -17  -51   22 
  -7  -69  -94   -2 -113  -44  -54   41  -36  -55  101  -18 -110 -102 -103   69  -39   21   88   -4  -44  101   57   15  -78  -57  -55 -112   54   22   38  -81   81   72   45   97 -100  119   10   -8  -64  -16  102  -46   10  127 -104   99   20  112  -32  104   85 -103   -9 -121  -32   65 -105 -106  -41   61  -59  -87    5  114 -118   34  106   20 -102  -86 -124 -127   -3   14 -128   21  -14   21    5   82   -3  -37  107  117  -30  -53   54   -6  -31 -115  -73   38  -74   61   24  -64  -33    2   85   -7   45   89   -6  -86  -24   -5   63   90 -112  -60   44   13   31   23    2 -126   98  -72   -4  -61  -58   51  105   -4  -16    1 
  61   79 -124   18  -55   49  -21   67   91   83  -66   26   45  -50   94  -39   92   -2  112  -34    0   82   23  124 -107   93   47  126  -39  -96    0 -106  111    4   40  -72  -75 -108  124 -112  103  -70   42   21    9    8  110  -27 -122   95   67    6   49  -38    2   71  -73  -78   69   17  -46  -59   39  -63   73  -48   -6  126  -28  -10 -114  -53   48   56   96  -71  -63   79   30  -57   46  -30   78  -33   60  -48  -90  116    2  108    5   84  -79  -84 -106  123   -4   16  121   96 -122 -120  -84   54   64 -116  112 -127   91   14  -55    9  112 -105  105   45  -25 -113   33  106  123  -90   62  -83  -46   84  -88   79 
 -28  -95   47  -22  -87   91  -95  106  104 -111  107   67   31  -76  -51   16  -53  -74  -67   51  -59   94   29  -63 -124  -37  -18  -42  -80   22  -91   20   55   85  127   97   48  -96   75   24  -79   54  -36   80  107   41  -32  -74   95   29  105  -92   -5    6  -27   -1   98   83   86 -110  -23  123   38  -95   80   37 -126    1   69   77 -103  118    3  -11   71  -18  -98  -89   37  125   69   14  -94  -64 -107    7   64  119  -37   22 -119   68   17   47  101  -30  -43  103   99 -102   52  124 -111  -72  -14   88   38   16  127  -53   14   68   90   48 -123  111  -73   69  102   18  -37  111  -41  108   30  -68  -50  115 
 -92  -79 -114   88  -82  -97 -112   32  119   55  -80  118 -126   62   59   92  -18   64   75   38    5   49  -72   96   32   15   76  -65   76 -101  -78  112  -52  -64   72   -6  -33   89 -102  -42   16  -53  -51   18 -119 -120  -17   -8   72  -70  -98  -51  108  -42  -83   12  102  121   75   50 -108  126   34  -31  -66  -22   91   30  -61  118  116   83  -63  -63  -26  -54  -55   85   66 -111 -113   96  -34  123  -73   11    8  -99    5  -45   79   25  -47  -15  122   16   91   86  -82  -97   76  -94  114 -115  -28  -40  -41   45  -83 -102   63  -67  122  -99  -72  -79   41   64  -50  -82 -108  -99   71  -27   14   66  117  -22 
  24  -93    9  -28  -58   -5  -15   42   84   72  -41 -127   98 -106  -66   93  -76   -9 -114   93  -73  -35 -117  -53   -6   82   49 -119   20   38  -13  -84   74  124   16 -112   -9 -127   58  -53   74 -111  -51   44  -88   11    9  -36 -126   24  -71  -70  117  -60    5  -17 -106  -74   -8   43   93  107   87   39  103  -24   55  -33  -23  -15   42  -77    2  119   96   42    3  -23 -122    5 -127  -65   63  118    3  -59  -26   26   -5   94  -59  -40   74 -100  127   49    4   54 -112  110  -89   59  -95   42   50 -127  -44  -75  -21  -37   59  -20   26   -6  -29  -98   63   73   56  -69   39  125   19  -15 -103   19  -93   30 
 -55  -77   12  -15  110   45 -101   33   47  -17   86 -102   74   17    6  -27 -116  105    3   75   50  -69 -122  -38  -72   26   75  -47  -83  110  111  -10  -94   -5  103 -112  -87 -126   49   88  -14    8  114  -68 -103   -8   33  -91  -30  -92  113 -108  -33  119  -18   23   17  -70  105   62  -88   88  -75  -54  -44 -100  -37   -3  -97 -116  -43   17   20  -57   77   46   63  -17   83  -95   19   68  -74  115   60   36   10  -51   94  -13 -116 -121  -52  -63  -47   32  -35   44  -99   -4   57  -14 -115  -51   57   91  123   -8  -54   79   26   93   19   80   80  -49  -12  -37   29  -45   78   41  -38 -102  106   43   58  -57 
 -40   87   68 -111  -55   81  -34 -126   44  -38   -5  118  -87 -107   84   60  101   36 -116  -39  127   41   44   78  -46 -122  104  -68   50   35    3 -118   -6  -57 -101   68 -103   -7   70   69   83  -63   60  124  -42   16   57  -69  -76   69   21  -76  -18  -63 -126   64  -56  106  124  122   13   -1 -124 -120   71  -97   76   96   24   18   37  -20   84  -31  -24  -86  113  -95  -26  -90  102  123  -38  -44  -68  -36 -108    4  -58 -112   -2   84   16    2   92  -41   33   40  -73  -70  -70   92   38 -114  -66 -114  -71  -81  -80   31  -43 -106   26   47  -21   86 -117   -1  -37  -46   16   89  -90  -96  -36 -126   -9  125 
  42   46  -73  100   10   93  115   72  108  -84  120 -100   75  -51  -78  -27  125   29  -69 -120  -99   22  -38   45  -16    0   77   76    2  -60   73  -84  114 -127 -111   -4   94 -124  -59   74  -80  -67  102  123   10 -103  -32    7   54   27   16   83  -78  106    0   34  -21  -51  -18  109   17  -73 -102    3  -72  -85 -128 -105  -81  -59   97  -33    2   72  -38 -116   97   58   20   23  -43  -92  -21    7 -114  107  -87   -7  -71   23  -25   74   79    1  -50 -121   44  -50  -98   91   19 -128  -70 -107   72   20  -95   41  -50   53  -64   35   89   43  -85  104   23  -44  -31   80  108   72   26   59  -55  104   66  117 
 -74   97   80   73   97 -118   94   41   30 -128  -46  108   53   18   16   15  -66   59   -9   85 -113   88   37  123   33  -65   54  106  -88   -7   96  -34  -38   48  -88  -69   59 -122  100  -39 -122  -74  -58   60   72   86  -53 -122   17   66   91   32   26    0   28  -69   64  -46  -90  104   75 -122  -58  -91   54  -18  -32  -15  -11  -60   75   -5   -6 -111  -73  -61  103    2  -55   -8  -60  -91 -104   95   37   52 -102  -27 -121  -64  -51   82  -58   20  120  125 -126  -40  -18   -9   29  -71  115 -105  -54  -86  -38  -79   45   36   41  113   73   66   80  -18  -10  107   84   -3  -85  -95  -48  -14   53  -56  -17   56 
  32   93  -81  -67 -105  -94  -43  -31  -51   47   19  122  -45  -68  107 -100  126   60   11  -11   39  -33  114   82    0  -62  -60  -74   10   51  110  -85   17  -99  -24   40  -64   61 -119   13  -19   28    7   64   89  -14   93   87  -82  -24  -52   85   71  -65   40  -57    1  108   -3 -116   32  -21  -73  -79    9   31   89   73  -35   98  -42   74   -1   93   10  -40  -49  -25  -81   -2   79   -4  -45   22   59  123   94  -68  104  -37  -56    8   71   -1   57  -48  -97   18 -103   -4  -12  -17  -58  115  -52   80  -53   27  -72   -5 -103 -121  119  -19   30   50  -24   -4  110  -48   87  -73   88   30   54   17  110   85 
 -93 -121  -47   24  -10   23   11   66  -24   87  -34   32  -46   -9   39  -55  100  -59  123  -51   65  105   29   25  -96  -10  -73   87 -121  -90   44  -85  -83  126   67   36   21  -50  -26  125  -91   68   29   -9  -68  -59   64  -96   10   59  -19  -52   37 -117  101   69    1 -100   28    8  -62  -55   51  -16  -57  -10 -108   92   69   -6   90  106  -65   -9  -30   -5   60  -94   27  -57   94 -119   19    3 -108   -8  -56   21   20  101  -99   87  -82   81  -57  -11  -57  -37  -47 -116   85  -85  119 -108   35  -39   15  -33   -5  -85   38  -39  -76  -71   92  -56   49  -91   93  -58 -118  122  -99  -72   75  -28   45 -109 
  63  126  -97   20  -86 -106   41   77  -17  -72  -84  107  -29   83  -60   23 -116  -95   95   62  -58   60 -124  -48   55  -95    8    2    5  -75   21  -60  -77   53   88  -35   75    1  -86  -69   58  -41  -90  -99  -86  -22   53  -74   11   20  116   81  -47  120  -95 -120 -103   41   10   30   94  -96   98 -110   85   59  -17   32  -68   26   91  118  113 -127 -108 -101  -20   73  -47  119  -35  -58   73   46  -66  106   54  -40   20  -63  118  -14  -31   89    4  -74   20  116   86   80   14   50   71   -1   51   91   26  -97   36  107 -105 -127  -79   96   48  -16   74  -26   72  -34   39   62   81 -120   23  -43  -66  -85 
 -55 -107  124   87   71   67  -42   -6   30  112   26  -62   92   49  -61 -115   17  115   -3  -37  -38  -59   58 -127 -124   11 -118   27   96  -56   71  -86  -35   67 -127  -92    6  -40   31  -92  -56  -71  -26  -92  106   41  -78   -5   29   47   86  119  117   16  120  121 -101 -126   20  124  -53  -37  -90   40  -98  -89   77   36   -1  -20   72   72   37  -82  108   15   88  -98 -118  -11   78   96  -20   67  -15  -28   60   12  -25  -48    8   50   44   46  -38   74   86  -89  -17  -43   19  -73  -99  -72  -26 -118   71  -66  -88   81   51  118   50  -97   57  -93    3  -11   47  106   70  -72   28  -14  102  119  -68   60 
 -98   43 -110   50   99  -81  106  -55  -71   50    7  -30    3  -70  -40  -75  -39 -110  -40   92    7 -120   71  -51  -64  -29   63  -90  -38  124   99   -7   39  117  -85   10  -92 -107   83  -34   71  -38   64  -53   20 -104    0  109  -86   89   74   50   97   17  127  -95  116   63  -57  -49   59  -86   72  -30  -97  115  109  -60 -120   64   34   80 -101  -30 -101   47   -6   27   29   37  -12  -25  -41  -43  120  -42  -10  108 -107   62  -69   80  104 -125  -77 -120  118  -96  -52  127   96  110   79  123  -48  106   43   74    5  -56  -17  122   47   70  -49   39  -99   70   19  -78    4   79 -125  -20   82  -74  -12   73 
