 -94 -115  124   77   11    6   82   93   58   53  123    7  110  119  -87   20  -21 -112  -26  -16   30   15  -62  -63   13  124 -119   41   79   70   33  114   84   30   63  -33  -92   17  -68   94  -57  -73  -26  -75  -82   15   73   26   31  -80 -118  -66   63  -52   -1  -52  -55    8  117 -104  -49   23 -118  -93  -75   73    2  -39  -37   62  -72   34  117   30   87  -93  -83   32   61   76   80   71 -118   15 -108   10   92  -35 -110   81  -11  -31  -24    0    4   29  -55 -122  119   36   68  -81  -58   57   77  -99   93  122   62   26   70   14  -30   81  -98  -10  -37  122   83  -19   75  -56   79  -76   72  -45   81 -110 
 -38   72   54  -98  119  125   88   68 -102   53   62   88  -49    5  -25   49  -42    5  -89   49   -1  122  -98  -54  -61  109   -2 -117  -63  -48  -99   27 -104   84   57 -112   81   17   84  107  -58   19   68   22 -104  -85  -57  -18   48  -17  -97  -81  -23  -67   -7   44  -85  120   56  -20  -56   85 -121  -32   41   64  -16   -6  -46  -59  -26   24   88  -86  -82  112  -43  -10  -34 -123  101   -3  -76  -50   58   45  123  101   37   51  -47  109    8  -40  -50  -78 -103   62   44  -21 -125 -110 -125   91  -68  -78   75   17   40  -87   22   13   38   74   91  -31   -8   86  -58  -99    9   24 -117 -110  112  -39  -60 -119 
-105  112  -12 -101 -125   -8  118  -65   42   66   81  -46  107  -25   95   18  -78   58  115   42   17  -71   71 -102   81   82  -84   66  -85  -16   75  -61  -31  -64  -34  -28   56  -44   35  -30 -106  -12   52 -126   92   19   20 -114  -51    7   56   94   64   -1  121   18  -46  -91  -44   -3   22  -97   64  119  -33  -98  -37 -105  -13  126   -7    9  -13  -83   11  -49   64  -97  -35 -114   38 -107  108  -25   20  101  121  102 -117  -51  -28   33  -20  -92   24   76  -61  115   99   54  113  -35  -65  -28   10   75   51  -53  106 -112  -39   17  -91  -59  120   58  -85  113   32  -74  -66 -124   87   42  -87  -17  -10  -20 
 -30  -38  -94  -45   55  -31   56  -63  -84  -21   12 -105   -4  101   40   33  -85   32  -37  -42   17  124   12   79 -128  -29   -7  -87   82  112   21  -76  -54   55    7 -127 -103  -65  -62  -59   43   79  -36  -89   52 -124   72   95   36  -92  -75  -75  -96   65 -124  -96  -92   -2  -54  118  -18   95  -86   56   23   50   57   48  113  123  117   28   74  -46   67   -1  -42   12  -34  123   48   20  -80   80  -43  -75  112   -6   51  -70  -16  -95 -102   27   89   49  -51   18  -31  -66   13  -42   91  -40   40   30   87  127  -86  -75  122   90   73  -86   42  -97  -33   27   25 -110   85 -119  -77  111   36 -116   32  113 
  30 -127  -80  -84  -40 -117    4 -128   41  -37  127   84   16  121   46  -38  -92  -39   -7    3  116 -110   22   73 -101   73   57   64   86  -39   49  -12  -37   97   32   51  108  -92   51   22   -1   51  -22 -112   44 -104  -22   80  -15   99  -44  -27  117  106  -81 -112   51  104   80    9  -63    2  126   28  -29   30  -49  -48   67 -125  102  -62   54  -48  -46  -30  -24   60  -77   90   31    7  -65   20  -15  -18   37  -92  -42  -11   46   24  119   44  -76  -37  -54    4   43 -115    7   17  -48  -67   97   34   31  -55  -33   82  -93  126  -39  -29   19   74   81  -72  111  -88   45   29   64   37  -55  116 -128   19 
  -8   43   33  127  -68  113  -68  -99   19   92  -26  114   46   10  113 -120  109    4   82   62   60   65  102  -23  -34   38 -114   39   27 -114  -69 -109   57   92 -109  117   77  -49 -110  -32  -85   -7  -45   90 -125  -60   98  112   72   52   46    4  -10   21  109   84  -69  124   -4   86 -118   55  106   68   19  125   57  -32  -52   76   64   -8  -59 -109  -46  -56  -41  -76  -72  -97  104  102   35  -34   -5   17  -77   55   13   47   13   23  -26   -9  -37  121  -12 -107  -39   65   97 -103  -71  -90  -83   11  -18    4   63   38   36   39   12  -57 -122 -120   88  -71   63  -27  104  -52  125  -50   68  -40  -57  -72 
 -19   32  121  -50   57  -78  -12  102   61   98  -21   -4    8 -113  -92 -107  -42  -86  -99  -81  -29   92   20  -53  -88   17   25  108  106   96  -91  -41    0  -98   38  -71  -47 -102  -96 -114  125   11   11    5   26   47   26  112   89   55  -97  -68   19   52    7   60  -59  -96   40  -81 -128   77    7    0  108  -83   57  -67  -57   89  -53  -60  -28   86   74  126    5  -28  111  -34 -100 -114   26   47   66  -95  -21 -120  -63 -108  -73  -63   97   62   65   77  107   -5 -118  -77  -44  -42   -9   57  -84  -63   55   50   38   38 -112   66   53   43  -15   -9   76   93   -1 -114  113   55  -49   82  -11 -111   32  -31 
  12   42   20   96 -128 -117   25  -83  -51  -47   95  115  119  111   53   44   26  -90  -92  -25 -125   35  -11  116  -38   68   71   80   85  -25  -79  -31 -111   69  -62 -110   80   91  -65  -99  -84  -98 -112  -92 -115   69   80   40  108  116 -113  111   24    4  100  114  -56   43   66  -98 -110  115   -1  -93   56   65  -75    9   29  -12   38   73   18   55  109   32   -4   62  -56  -24   50  -41  -40  -54   91  -68  -67  -93  103  127  -63  121  115   65 -100   43    2  -46  -76  -97   70   91  105  -39   18   86  121 -114   20  -63   -9  -57   24   79   17  -13 -117   78   22  114   78   88  107   65   25 -121  -20 -101 
 -39   33  -69  -96   -4  -92   -7 -114  122  -14 -100   15   51   19   86  -53  -30  -25   62  -19  -74  -44  -33 -124  -84  -54   69   69  -46  -79   97   43   82 -100   75  -50  -64  -60  -36  -70   54   -7   73  -23 -116   31   52  -17 -121  -14   92  -67   71  -68  -63  115    6 -122   57   88  -73   26    4 -118   54  -49  -40  118   20   53  -80  -54  -82  122   52  -70   25  -24   41   32   91    6   93   34   66  -98   21  -56  -92  -50  -95  -36  104   37  -26   30  116   62   20    8  -13   69   83   33   63    7   92  -40  111    5  121   74 -117   86  -20   77  117 -126 -106 -103  -48  -73  -11  -71   92   91   87   80 
  26  -20  -39 -115  -79  -84   47  112   51   11  -56   34 -112  -63  -19 -100 -104   89  105 -115   91  127  -90  -84  -74   28  -27 -110   -9  -68   99 -111   40  -68  -97   89  -24   78   73 -101  -39 -110   61  -23  -45  -86    5  -21 -124  -17   -8   95  -18   31 -117   37  -69  -16   55   50   45   26   68  -43   86   99  -81  -66   49  120  -39 -118 -118 -105  -13  -34  -63  121   73  -59  -24  -62  -91   86   97  -80   -5 -100   33  -77   78  -50   77   18   35   36  -11   82   98  -90   75  -68  -80   85  -45   36  -77   20   29  125   90 -123  -65  127   91  -96  -81  -41  -68   80   10 -118  -98  -41   29   66  123 -110 
  20   94  -71  -33 -102  -23  -75  -19 -115  -24 -127   42  -27   91   47   36   90   11   68 -118   98 -128   90  -20 -117  121   67   40   59   63   58  -49   29  115   47   55  -35  100  -92  -22  -52  -91 -107   50 -127   68  -42   91  -49 -101  101  -79 -101   64   29  -90   57  -31   78  -12  -96    9   67   61   -4  -14  -12   89  -42   24  -60   35   61  -39  -43   62  -99   43   26  -19   70   -1   30   98  -65  -68 -120  120   29   87  -20   61  -32  -80   -6   92   34  110   54  121    6  122   28  -61  -45  113 -126  -16   28   28   93  -29 -101   -4  -59  -37   56  -51  -45  -43  -92   64 -110    4  112   12  -31   18 
  -6 -105   11 -128 -111  -89  -61  -28 -104  -59   84   53   97   50 -104  125  -82  -35  -40  102   42   43  -69   79  -21  -51  -45  -37   89   52  110  -45   75   -7  -45   92   33   22  -64   57   92 -107  -18   61   71    6   58  117   99 -110   91   14   62 -106  -35  -87  -29   48    5  -68  -27  -13   15  -80  108   98 -115   13   -8  -51  -57  -44  -30   53 -110  -87  -68   76  -98  -97   95  121   45   29 -113 -118   70  -14   59  -53   46  -96   62  -67  -48   43  -97  -35  -72   24   43   -1  108 -115  -75  126  -73  -15   75  -43   16   42  -49  -66  -57  -34  -56 -115   81 -125  -39   -1  -93 -105   61  -12   66   92 
  81  123  -12   -4   -6  -31   10   47  -33   65  -96  -86 -106   49   84  -27  111 -101   68  -73  -87   21  -69    2 -108  -34   25   81   82  -36   46   36  -41  -94  -96   81    3   42    1   99  -21   33 -115    2  -46   98  103  -63  125   43   -7  -90  -64   52   40  -43 -110  -62  -90  101   30   84    9  117  119   41   70   -6  -44  -57  -35   63  105  -21  -63  -69  -51  -87   -3  -54   84  118  -15 -107   42 -103  -22   60  -37   16   33  121  -27  -86  110  -36   84   53   86  -88  124  -76  103  101   31  -87  -95  108  -46   30  -74  -90   20   39  -69  -66   65   37  122 -100  -74   28 -106   27   70 -124  119   26 
  57   77   66   54 -127   42   27   32   83   60   12  -91  -38   67  -53  110  -22    7  -84  -85  -84  -89  -56  -30   67  -34  125    9  -30  116  -92 -100   66  102   82   67   16  -19  -28  -29  -86  112    8    4   51   84  -13  -98  -37   31  -55    7   70   17  106    9  111  103 -109  -46   92  -73  -18   30  -99  -64  -31   46   45   69 -111   87   54   26  -36  -23  -18   79    7   73  -18   81  -48  -75  -30  -70   62  -46  -94   81   36  126 -120 -110   28  -90  -46  125   84  127   67  101   87   -7   -1  -77   98  109 -126  -22   54  -16  -69 -121   37   29  -63  -28  111  -29  -75   19  -31  -66   37  125  -28  119 
 123  -72  119   62  -99   78  -73   29 -127 -103   10 -125    3  -63  -13   62  -56 -103  -36    9   -3  -53  109   50   95  -50  112    4  -52  -44   -4  -57   12  -13 -123   42  -63  -68  -57  -62  -43   81  -59   89 -110   56   23  -38   81  115  100  -50  -65   81 -127  -98  -97  113   34  -21  -58  -98   50   82   17   55   -4   82  115   67 -108  -55   21  -39  -94   39 -110   57 -126   99   45  102  -78  108   55  -77 -118   86  -92   44  -62  -22   75  116  -67  -36   44   57  -81   31   -3  -61  104 -110   29 -118   57   47   68   59   18  -15   33   68  -35  -40  119  -25  -81 -100 -109  -15    6   94  -27   67  -69 -111 
  -3  -22   49  122   45   25 -116  -54   36   69  121  -24    1   12   89  -94  -48  -74   -5  -56   29   42  -28   48 -101  106   15    0   46   74   18  -85  -76  -61  -91   97   92  -79  -84    0  118  -91  104   -9   49   65   26 -126  119 -107  -54   20   63   46  -59   90   24   84  -38  -58   30  108  -15   82  -81   22   51 -116   71   95   12   62 -123  -11  -75   54  -74   79   56  -82  100 -126   66   35   48 -121   -3  -55   91   88   15   -7   68 -127  -53  116   23  127 -128  -33   94   12  -99   99 -127  -46   26  -72  -94  -46  -26 -122  -43  -88   42 -123  -80  -89  -50 -117  127   94    5   68   95   80   56  -10 
  79   56   85   46  -60  114   17  -58  -59  -85   -2  -25   -2  100  -19   83 -116 -105   88  -68  -65  -89  -56  -66 -123   77 -126  100   29   58  -38  -19  -14  -80 -101   55  -94   44  125  -25   88   -5   78  -42  -33  -68  -87  -21  -45 -127   40   18  -88  112   81  -83   61   83 -111  -38   14  -20   71 -128   28   98   55   62   15   52  -90  -25  -81  116   61   14  -80  102  122    4  103   34 -106 -112   18  103  -67  -49   59  -49   41  -55   59  -15  -55  -41  -45 -127 -107   98   53  -69  -55  101  -80 -122  -13  -32  108  -19  100   84 -113  123  100   33   98  -95  112   29  -16   26  102  -85 -117  -80    2  -34 
 -79   24  -63  102   83   10   75 -125   17  -65  -28   -3   44  -56  -47   60  -61  -75  -35  -90  -41  -50   67   71  104   42  115  115   90  -11  -47 -117 -115   18  113   97  -99   61  100   46  124  -56  -85   40   17   -3  -28   84   50   66  122 -119 -112   62   81  120  -24   68  107  -62  -71  -68  -51  -57   79  -66  -88  108  123 -116   26  119  -43   69   32  102  -62 -124   58  117   70   53  126   86  -13   79   78   91   19   57  -99   77  118  -22 -108   69   40  -68   49   36  -56  -53   27   29 -112  -69    3  -45  -64  -66  -56 -122  115  -58   93  -26 -106   43  -63   41  -27  -34  -10  -37   72   10  -96  -16 
  70   81 -108 -113 -100   48   44  -84  107  -80   -1  -85  -18   71  -78  -31 -114 -113   71  -92   58 -120   77  -97  -26  -60   -6  -82   78   26   30   21  -21   51   36    7  -29  -48   52  -50    0  -77   -6  110  123   44  -49 -119   59 -106  -83  -11  -98  122   21    4  -66 -113   50 -115   42  -47   34 -107 -124  -58   29  -25   22  -47   53 -105    4  -81 -123   -1   91  -43    8   22  -21   53 -116   10   48   33 -114  110   48   65  123  -38 -110   29  -16 -106   99 -115   -3   -6  -34  -78   17   98  -30   22  -30  -67  107  106   84  -41   32   96   97  -48    1  111  -66  -79   48  -70   12   66   87  124   88   59 
-119  -43  -75  -25    8   70  -55  106  -36   43  -89  -56   22  123   31  -74   91    0    6  -36  -17   68   14  -96  126 -102   98   86 -106   59   17  -97 -112   70    6   24   12   79    2  104   -5   42  -80 -111   37   79  -57    1  -49   77   93   63   17  -21   95   16    5   65  -26   27   -4  119   58   13   61  -64  -91  -55 -112   40  -79   11  -46  -30   28  119  -79   99   -8    1   48  -42  -64  -63   65  -97   81  -57   96  -73   98  -35  -82   29  106  107   93 -113  -76  109   55  -26   -8 -119   72 -108 -127  121  119   -7   -6   39   79   58  105   17   89   58   88   58  114   58 -105  -96  -41 -127 -116  -75 
-112  -64  -94   72   38   27   81  -18   47   82  -24   39  -52   98  -50 -101   29  -73   44  -10  114    4  -80  100  -65  -57 -124   22  -56 -112   75  -39  -47  110  -95  119    9  114  -26  -72   69   78   95 -111   48  -82  -84  -51  -27   89   68  -41  -35  116  -69   28  -68  -64  -77    4  -48  126   93   33  108  126   25  -11  113  127   46   54   77   13   71   -3   59  115   75  -95   76   15   -8  -86    3   52   70   63  116  121  -60  -60  120  -95  102  100  -96   -1  -38 -111   -2 -120   71  -53   21   14   72  -47    1   19  -14  -50  -94  106   -8   38   30  -66  -27   18  -72   41   87  -80   75   61 -108  107 
 -68  -18  124   58  -10   67 -123 -116  -47   77  -35   82  -31   79  -96    3   57   24  -87  -40   87   15  106 -113  -72   65  -65 -125   -2  -45  110   58   66  106  -12  -72   45   -7  -60  126  -57   33   81   40  -16  113  -85  -86   10  -43    2  -31  100  -20  -16 -100  -82   47  -96   44 -126 -114  -25   68  121   91  125   38  -43  -63   37   28   99  -10  -60  -45  -25  -17   -3  113   68  127  -46   40  -20   66   69   26  -15  101  -58  -12  115   45  -72  108    9  -75   19   94   -9  -72   -6  -38   46   62   45 -107  -83  -85 -121  114  -86  -39   26   22 -100  -33  -80   13  -60   -9 -127  -72  -92  -70  -92   45 
 -17   55   11  102  111 -123  -64   29   67  110   51  113 -103   58   99  -61 -109   -3   90  -81   93 -118   61  -95    1   62  -39   38  120   -2  -45  -24  -75   95  -50  -91  100   15   66   40   -3  -11   25   22  -81   -4   89  -61  121   51  -14   86   62  -81  120  -65  110  -47  101  102   79  -71  -50 -123 -104   29  -86  124  -84  108   36   41  -30  -67  -65   17   57 -104   84   51   76  -57    9   10  -10    1   73  -28   83   47  -53   34  104   25   39 -128  -74   81  124  -30   62   33 -117  -96   94  -54   49   24  -29    6  -53  -81   77   84   57  -61  -42    2   40  -87  -79  115   75 -103   12  -13 -103   67 
 -60 -106  -91 -126   55  -79  -94   21   -5   84  -83   94  -38   -8 -115  -89  -51   70  -22   35  -55 -110   76   -6 -123   23   20   18 -118   45  -43  -49   67   -6  -47   -6   43  -12 -112  -89  -56  -67 -123   34   54 -109   73 -125   89  -77   38  -94  -58  -14   29  -53 -119  -79   93 -108   94  -78  -29   34   45   52 -100  -40  -88  -84   -1  -16  -22    5 -110  -96   24   91  -93  -15 -113   73   20  -43  -69  -79   32  -60  -30   -2  -40  -64   48   59   98  -35  -16  127   54   24  -85  -75 -119   21   58 -101   53  -46  119   88   68 -122   33  -40  -37   92    9  123  -95  107   -7   -7  -85  -86  -75 -114    7   37 
-115  -67  -67  -72  -13  -58   78  -83  -30    3    0  -39  -36  -60  -33  125   28   58   90  -91   53  123 -112  -81  -12  -69  -39   41  -55   96  -50  -42  -98   12   15   17   82  -35   62  -76   96  -66   13  -68    2  108  -70  -98   38 -108  -61  -36 -113  -45   11    3   15  100  -83   88   68   -5  -81   98 -121   62  -13   90 -101  -78 -114  123  -16   28  -72  115    8  -14 -111  -81    6  -43   11   21   40 -106 -104  -73  122  -59 -112   62   65  -65   33   72  125 -108   34 -104  -58   49 -109   55  -51  -53   42   85   61   59 -124  -61 -112   15   88   57   37  113  112   31  -74 -128  -34  119  -65  127   64  -68 
-109  -30  -44  -38 -109  -24 -111  -32   51   59  -74  -15  -10  -70   52    7   74   13  -64  -17   -2  -80 -113   52  -79  -19   44  -16  -20  -20   45   -1   78 -127   89   98  -23  106  -62  -99   37   -8   14 -100   51  -62   35   -3   79   99  108  -51 -109  123 -126  -60  -24   46   53   84 -102  -30  -44  104  -29  -83   74   77 -104 -115  106   61    5   -8   89  -72   58   -4   53   10  -33   34   87  -13   29   89   55 -122    7  -20   90   33   78  -82   10  -78  -36  -44  127  -12  -31  105  -79  103  -31 -117  -97 -101    7   85   37  103   -9   -3  -38 -108  -42 -111 -102   94   -2  117   -1  -52  -93 -119   -2   -1 
 -34   -3  115   63  -26  -91   38   71  -80   70   99   55   27    8   30 -110 -123  120  -90  -36 -118  -63  -70    8  -74   57   84  -39   67  -45   89  -95   80   76   96  -73  113    7  126  -95  -51   97   89  104  -22   -9  122  -17  -16  -96   75   -6  -31 -123 -126   23   63   86  113    2  -87   74   35  122   22    3  -79    8 -118  -81   41  -41 -111    2  -65   -5  122  -71  106  -22  -38   54  100   59   59  102  -45   -6   60  -60  124  102 -114   31   96   36  -93 -111  -84  -83  -64   86    5  -47  -40   68   76  -46  126   55   60  -40  -19   32 -109  -88    6  -26   35  -61   42   31  -87   56  -65 -119  -35  -30 
-102    9   15  -38  -33 -108   44   56   89   -8 -118   87  -81   71  -81   28  -25  -62   69  110   41  -24  -79  -45 -121  -38 -116  -58  -29  -23   40   -3  114  -72   87  -46  -52    3 -118  -91  124 -108  124  -85   91  -85   72  -61  -18   13  -79 -105  117  -30  -22  124   60  -10  -61  -97   95  107   28   82  -93  -13  -92  -16  119  -82   21  115  -62   18  -98  -98   61  102  -31  -85  -13   18  -62  -24  116   45  -27   48  -93   40   79 -125   19  -21   85   55   94  121  -89   85  -89   60   72  -23  -50  103    7 -116   77  104  -73  -63   -6   -6   41  -18  -89 -114  -98  -54   54  109  -51  -54  -40  -94 -127  -73 
-101  -88 -116  -62  100   85   44  -77   60  -77  -65    9 -100  -10   74   22  112  -12 -123 -105    2  -93  -30  -71 -111   47    3  -23   82    4   32  109   44   45  -80   16    2   92   67  -66 -113 -126   71  -85   -7   18   66  -23 -122   71    1    8  106   99   65  123   18  -60  -27  -28   72 -123  -46  -12   50    2 -123  -76  -34   72  -14  -19   75  -70   25  -60   76  -37   45   82  -94  -82  -38 -116 -111 -100 -120   36  -32  -19 -120  -87  -14  -38   29  -91   92   34  -39  -70  -21   76   40  -74 -122  -63   -6   82   28  -89   36   62  -42  126   74  -25 -102   82 -117   -5  -65 -108   36   50  -18  -63   87  -53 
 100  -80    5  -49  124  -83    5 -126  -18  127   84 -118  -90   -8   72   -4   -9   19  100   17  -27  111 -116   37 -125   48  -41  -14  114  -82   61   86  -34  -62  -91  -37  -16   42  -35   94   41  -78  105   79   42   49  -52  -95  -60  -80   51   42  -97   63  -49  -93  -16   38   21  -30   84  -46  -72  -78   20  -35   13 -124 -121  107   99   48  -99   76   -1   71   -3   75  105   66  123   28  -20 -101  -37   59  -66   75  -31   83  -83  -75  -91  -27  -25   57   66  117   62   73   96   33   -7  125  -19  121   68  106   68   45   44   64  -55 -104   91   37   83 -103  -16  -76  108   30  -23 -111 -125   81   74   70 
  70    8   15   38  -87 -119   35   22 -126  -25    1   70 -107  -83    6  -34  -58  -31 -125 -103   -6  -12  -50  -26 -110   55   -9 -107    8  -62   91  -50   74  -21  116  116  -12   23   10  -10  127 -117  -68 -108  -71   67  -14   -1  -92  -10   24   31  106  102 -123  124   30   -3 -111  -90   63  109  -11    9  -40  -23   -3   76 -127 -120  -62 -128 -109   -2 -108  -52  -63    6   75  -26  124  -28 -123  102  -54 -118   98  104    7  116 -113  -58   97    4   80  -71  109  -51 -123  110  -43  -57  110  -23   69 -126   53 -121    9    1  -19    5  101  -14  -20  -81   -4  -50 -104 -124  -62  -89  -54  -93   43 -102  -36   24 
 -24  -31    7   61   40  -11  -90  -18   -8   92  -11 -127  -35   98    6  -62  -44  114  -15   80  -63    9   84    3   48  -97   39  -37  -71 -125  116   33  -27   -5  -33 -115  112    5   -5  -24  -31  112  -23   62   82  112 -128  -90   98  -14  119  -93  123   75   39   44  106  -50 -121  -92  -47  123   69   54  -10  -92   68  -25   42  -65   79 -117  -80  -71   74 -126  -87   74  -87 -117  -68  -96  -81  -72  107   86  100   86  -92  107  122  -11  103   63  -84  -35  100  112   68   14  -81   20   25  -33   77  -29  -30  118  -82   11 -127  -22   43  -80   34   22 -122    6  -20  -86  -14  -26   32  -39  -90   76   54 -118 
  60   -5   24  107 -113  -79  -53   92   21   45   82   67  -72   83  -83   99 -124   80   -7 -118  -42  102  -75   72  -52   85  -95  -14   33   88   -4  -35  -45 -108  -56  -30  -58   19  -66   91  -64 -112   30   -8   99   75  -37  103   27   85  114  114   59  -89   58 -121  124   92   -6   29   52  118  122 -121 -117  -62  -23  -47   86   39  -84 -106   55   74   15   26   21  106    2  -79   63  -12  -93   -6   27   93    2   23   57  124  -76  -19  114  -82  -12  125  -16   93  -50  -58    4   -6  -35  -69  -60  108   86   90   86  -40 -117   22   76  -82 -112  -25 -117   18  126   69   14  -78  -78    1  -32   39   -2   80 
   4   77 -105 -119  -57  -12  -60   12  -32 -102  -26  -74  -14  -15   76  -66   31   93   37   42  -17   35  -17  126   85   34   -1  -75  -55  125 -122   77   74  -99   86 -110   17 -101   30  113  -75 -124  -89   40  -11  116  102 -108   81   12   62  -64  -81  -82  -66 -123   80   61  -70 -103   59  -64  102    5  -35   61   23  110   88  -75   95 -115  -71 -121   53   46  123   28   66   76  -88    1 -116  -41   47  -53  -36   -1 -120   23   24   67   87   -2  -55  -75  -69   96  -93 -109 -106 -125  -95  -49 -118   86  126 -123  -14   64   81   26  -63   93  114  112  -88  -50  -17  -79  101 -121  116   61    6  -67  114   65 
 -98 -107   85  -76 -104  118    3  -94   76    1  -89  -65  -62  120   89    3   86   75  -12  126 -102   99  -81  127  107  -92   60  -15  -31   46  -78   -1   68 -121   51   92  125  -73  127   74   56  -90 -119  122  -97   98   -2  117   46  114  115   72   85  -93   71   64  -57    4  -79   40  -78  -28  -88  118  -21   91   83  -23 -110   82  -77   75  120  -68   69 -105  -98  -61 -116   76  -75 -128   20 -117  -93  -36   75  -22   96  125 -110 -110  -31  -70 -119   76 -106   92  -75  -88   46  -24  115   38   36   57   62   67  124   74   15  -78   74  -92  -67  109    0 -120  -41  -32 -123  -22  -14  -26   36   -5  -77   58 
 -41  -24   99 -123   81   86   44  -11   15  -22  -72   12  -76   72   62  127  108  123  108  -20 -125  -60   76 -119   46  -66  -17  -46   58   34 -115 -111 -117  112 -105   92   70   67  -47  -42  -83   10   98  -31  -46   32  -32  -66   27  -51   42   30   17  -10   39  -65   52 -105   17  -18   57   30    0   68   14   23   32  -43  -38  114   43    7   -4   13  104   78  -83  -55 -116   72   22   54  -26  -89  -84 -114  -26   96  -91  119  -49   94   22   79   35  -92  -26  -61   -7   64  -75  -92  -57   49   49  -81   -1   94   -8   11   38 -114  -63 -115  -75  -19 -101   27  -50  -64   19   29  -98  -87  -20   65  -51   82 
-123   71   18  -70  107   89  108   29 -120  -21   -5    1  119  -94   15  -72  -81   69   38  -54  -32  116   10  115   17   40 -100  125  -22  -22   79  -17  -79  -31   41 -100  -70   21   57  -62 -127  -75   67  120  -41  -45  -80    6 -104   86   80   -8   74  -38  -20  -37 -126    8  -40  -20  114  -89   91  -93    8    5  -64   66 -102  121 -123 -101  -82   72 -109    5 -101  -60 -117  -77 -102   91   44  101  -75 -104  -64  -72   32   25   36   19   64    0   54  -55 -123  118 -117  -97  112 -112  -69  -98   89  -50   36  116   18   47  -88   45   11   84   18   64  108   82  120   12  -21   29  -97  -84  -99   86  -11  -94 
  76    0  -63   60   17   -4   91  -22   75   -1  -34  -35  -82    6 -118   57  -38   28   -6  -58  -17  -14   83   90 -113  114 -122  -84   72   -5  -50   21  124   16  -47   13 -116  -84  119   87   43  -43  -75   90   92  -65   19  -74   92 -115   -3  -53    0  -48  -91   15  -62  -84   60 -117   39 -118   32   35   26  113  -80   39  -98  -89   -2   73   -3   51   35  -39  115  -73   15   79  -60 -116 -102   68  -36  -65  -44   31  -21 -112   42 -109 -102  -54   54   53  -69  103  -36  -39 -114   90  -93   11   14   70  100    1  125  -12  -48  -62    0  -22 -122   93   41  -38   -4 -107  -22  -90  -88    5  -16   94  -70   43 
  69   22 -123   84  -16  -88  -33  126  110  -60   -1  108   56   79  -82  -72  -71  -76 -107   99   15   17  120  121   55  -96   -2  -89  126   56   83   68  -50   88   24   63 -128  119   61  110  -69  -67   90  115 -116 -120  -84  -58  -67  -63  -87   76   83  -95   69   10  -63  -60   50  -65  124    5 -125  -53  -35   27 -118  -35   19   71  -53   78 -124  -90   66 -111  -82  110  -41  -21  -81    0  -73 -126   33  125   13   98  -63  -65  -95  -67   68  -91    8  -95   64   18   -2  -45  -38   73  -94  -34  111  100  -17  -98   82   70    9 -127  -58   65 -124  103   62   17   73  127   80  107  -68   20 -112   69   53   80 
 -41  -77  -92   49  124  -58 -112  108  -86   -1 -118  124  -58   19  125   12  -44 -127  -12 -110   18  -67 -111  -30  -88  -50  118  -72 -109   43 -119  -22   94  -83 -100   91  -13  -84   71   29   43   81   25  113  -28   22   -2   57   24  114   75  -86  -81   93   13  -40  -85    3   16  -66  -81   25   40 -115   70   68  104  -71  112   47   86   28    0  -17   13  101 -122 -117   30   30  125  -23   72  -83  -58  -43    5  -15   89 -107   47 -120   47  -40 -107  -11 -100  126   47 -115   45    5   41  -82  117  -74 -109  123  -62   49   25  -65 -102  -31  -20  -31   55  113   82   16 -121    2   24   54   90   45  -85  118 
  43   90 -125  -39  -32   44    7  -43   99   26  -48  -91  -53  105  -28  -27  -54   81   70 -127   66   25   17   73 -101  -87   -1  117   87   43  107    2    5  111   91  101   27  -30  -70   -2  124   10   35  -57  -13 -120   45   62   89  -13   63   27 -116  -47  -27  -89   -6  100 -100  -47   15 -120   84 -107  119   47  122   18 -110  -75 -111 -114   63   52  -42  -77   60 -125  113   21  -10   48  -79    3 -127   22   42   -4   -6   71   77 -118   79   33  -97   70  -47 -103  -40  -29  -50  -23  -15 -114  -98   71  -63   90   74  -78  -16  -63   98   33   68  100  -73  -18  -32   49  -75  -83   59 -124   79   90   74  -96 
 116  -93    3  -62   12  116  -48   42   60   17    5    6   67  117   71   38   22   11   10   77  122  106   -2  -81 -105  -70  -76  102 -108  126 -122 -120  -95    9  -53   46   -2   27  -40  -70  -83   93   64  112   82    8   22  -24 -109  -96  -75 -115 -118   52  -67  -94  110  -15 -120 -126  -17 -113 -117   17   24  -42  -65 -106  113   23  -48  -98  -11 -111 -113  -57   25   37   48   44   70  101   58   80   25  119  114    7  -24  123   10   87 -118   21  -24   34  107   39   57   92  -65 -119  123   52 -102 -118  123   51   47   43  -32  -11   17 -102  -58  -86 -111  -72   50   -7  -77  -68  -48  -67   81   57   96   60 
 -32   25   24   31   34   19  -45   61   29  -49  -16  -51  122   80   66   11  106 -120   54  123  -63  -24  -12  -12   36   69   50  -11   -2   18  -79   94  -85   73   -2   77  -35   81   10  122  -96  123  -57 -101   75 -118   38   54 -110  -36   49  -45   68  -90   72  -24  107   -6   93  -23 -116 -114  -57  -73   88   69 -124  -75   23   15  -81   55   10   -9   82  -43    1   -7 -117   19   85   61  103   26   99   47 -126   78  -87   96  -73  -75  110   -2  -20   70  -60  -16  123   91  127  -85   18    9   34  -27   95  -93   94  106   54   51   39   29  -51   10  -52  -48  -40  -11  -80   15   42  -98 -114 -106  101  -46 
   7   96  -83    6 -117   63 -112   45  -92  111   80 -126   89    7   54    1  -92 -125 -117  -15  -45  -28  102    3  115   17   34 -127   39    7  -45  -82  -25    0   53  -13  -64   69  -96  -28   52  113  -25   13   -8  -99 -114   28  -96 -102 -115  -12   -2  116  119  -15    5   25  -13  -84  -96   70  -37    8  -57 -112  123    7   85 -101  107    9 -116  -46 -106    4  -17  -91  -95   16  -65  -82 -124   61  -94  123  -82   39   21   33   84   53  -24  -81  -67   47  -65  -72  -74 -108  -44  -95   29  -32  -12   51  101   99   88 -122  -13 -105  -76   -9   84  -41  -13 -125  126 -120   36   82   61 -116 -127  123   59  -64 
 -77  113  -44    7 -109  113  104    7   37   77  -22   -3   83   94   21 -121  -43  -23  -34   72  -20  -35   80 -111  -81   14  -99  -79    9   89  -15   60   74   70  -60   93   55  -84  -28  -36  121   79   90   76   45  -17   83 -126   88  -78   75  -59   15   27  -42   62  -87  -13  111   50  -52  -31  -17 -105  -89   51  116   94   95  -39  -69   88  -88 -107   36   85    4   -9   87  -36   41   34   33  -72  -66  119  119  -25  -21  102 -102   55  -57    9   78  -18  -68   67  -51 -101 -100    8  115  -60   29   23 -103  -95 -114  112   -3   56   19  -97  112   81 -106  103  -72    1   78  -46  -71 -107   91 -121    4 -105 
  74   81  -78  102  -39  -91  -86  118   60  -61 -105   75  -76   20    3   71   51  -13   24   74  -37   80  -53  -87  -93    4  -66  126   12   66 -106  -42   19  -56  -67  108  -18  -25   98  -86   43  121  117   95   14   -8   38  -63  108  -66 -117  -57 -114  -41  -16  -79   91   46  -80  -25  -15  -58   62 -124   14  123  113  124  -30   83  -89 -115   77 -100  108  -37   21   18   28    1   80   40   72   95  127  -72 -112   90  102  -64  -62  -41    6 -128  -36 -107  123  -51 -111  -35  -96  -72  -21  109  -43  -41  -56  106  106  101  -21   58   13  -77   25   12  -21   42  -26  -47  106   40   41  -15   40 -123    6   35 
 -46   23 -127  -14   80  -20  -32  -91   67   40 -113   45   13   -6  -24 -102   45 -127   38 -104   43 -115  -23   22   53 -110 -121  -34 -105   13 -127  -23  -92 -126   92  116  -18  -68 -103  -78  100  -88   95  -14   34  -57   12  -49  -55  -77  -25  116  -64   81   10  117   99   17  -45  123  -98  -43  -28  -61  -41  -64  -73   70   -4  -47  120  -31   -7   87   83 -100  -97  -33  -21  -24   18   83  -36   82   36  103   72    7   -8 -101    2   23  -16  103   90   72  -89 -111   14   36  -30    6 -123   92  -35   88  120   -4  -73  -29  100   74  -74  -63   28   90  -88  -28  -30   32    0  100  -73  112   75 -111   56  115 
 -93  -58   23    5   76   28  -31  -86  -12  -39   38   43   61   11  -11  115   76 -110   78  116  -10  -80   20  118 -108   76  103   96   93   31   83 -128  102  -22    6   50 -122  103   92   -6  -63    3  -91  126 -114   27  113   90   45   63   78  -93  111  -30 -102 -124  -82 -127  100 -116   32   55 -116    6  -95   18  -71  -89   -6 -107   33   59   24   70   57   38  -31   42    0 -114  -22  -50  -78  -39   49  -52  -35   95  -51  -63  107  109  120  120  -12 -103   10   45  -64 -124   66   97   63  -37   40   -8 -127 -119  -93    2 -104   13   80  -54  102    1   22  -60  -31   99    5  -52   80   -2  -60  -60   23   79 
 113   88   83   52   57   19 -113  -31 -117 -112  -21  -82   18    3   59  -29   77   34  100  -29  102  -59  -58  -21   18 -106  105   86  -37    1   37  -52  -39   -7 -128 -110 -116 -113  -12 -105  -96   95  -58   50  -30 -127 -107  -81   35  122   18    9  -65   88  117   81  110   94   40  -55  -33  -51   22   56   70   22   75   82   38  -65  106   70  -98  -80   -8    0  -79   14   47   85    8  -63  -34   71 -103  -45   25 -121  -78  -63  -47   17   14  103  -54  -43   -3 -107  -89  -93  -44 -111  105  -14  -63  -30  114  -13  112   33  -56   -8   98   38  -65  123  122   88 -126  -84 -103  -45   61   40  -70 -121  125   56 
-100  -92   91  -16  -74   69   98   -9  -89   84  106 -105  -11  -78   15  -41   89   78  -46   83   39  -43  127   64   40   60  -24   99   68  -27   27   96   10  -10  -47   64  -69  -77  -73  -30 -120  -94   -7   -3  -44 -120   85  -83   87  -89 -128   -2   -4  127  -66  -91   60   39 -120    0 -116   35  -32   22 -103   49  -42  -43  101   14   55  109   48  -79  -22 -124  -71  -65  -78 -112  -25  -78   14   99  -78   77 -120  110  -12 -112  -18    0   51   78 -105   77    0  -19  -94  -27  123   89  -46   43 -118   60   48  -60  124   98  -44  -29 -108   99  -58  -58   48  -49  -76  -92  -33   34   36 -109  -15   59   96  113 
 -87 -126  -42  -92   91   40   80  102  -28    0  -86  -32  -30   -2   67  -10  -31 -118   61 -111  -39  113  -75   56   20   90   75 -123   21   43  118   62   45  -52   99    9  116   51  -17  -40  -77   25   57   21 -105   -4 -117   -7    6   72   10   95   58   64   24  -50   26  -29  -45  -81 -113  -55  110   60   21   81  -59    9    4   52   97   55  -51   26  -52  -27 -105  -41   94   29  -96  -24   -3   90  -88 -107  -88   66   -8   -5  114    7   68   96  -60  -39   49    9   98  -75  -66   67  108   11  -34  -72  112  -11   15   78 -110   47  -73   15    9  -33   36   49  -94  -99  -84 -108   36  112  116  104  -55   37 
 -14  -85   90   48  111   70  -69  -51  126  -84   66   13  122   84  -67  -79  -28   70   17 -120   -8   51  -91   36   71   74   21   59   50   94  -32  -92 -118  -70   84  121 -128 -112  -58  126  -68 -120   11  -74   92   72  -24  -64   15  121  -55 -121   44  -18   43  -13  -72  -64  -82  107  -97   14 -113  -87   72  100  -94   72  116  -24   70  -80  -16  -47  -26  -52 -102   78   13   41   71   86   48  -13  -60  -37  102   -3   28 -108  -24   59   34   -9  100  -22  -37 -122  -78  -49  -18  120   -1   94  -54  102  -86  -28   52   55 -115   -4   13   61  111   82 -104   86  -49   52  106   55  -17   13  -82  -45  119   10 
 -39  -86   89   71  -94  -39   37  -20  -65   80   80  115    7   93  -17 -107   26  -33  103   51  -75  -74  -25  -97  109   87   44 -101  -86   36   37    4   78   -1  -53  112   88  113  -35 -105   65  -83 -118  -56 -117   -6  -35   37   89  -60  -40 -114   -6   64  -83  -25   23   90    3   65   -2  -88  -59  -52   39   17  -68   -1    2   25   22  -61   71   33   11   82 -101  105   -9  116  -83   80 -126   40   16  -81 -113  -89 -119   18  104    7   59  -82   83  -30   63 -112   98  -63   41   -8    4  -16 -103 -113  -62  -76  120   58  -88  -90   10  -86   78 -102  -38   93  -63  -29  -16  -87  107  -85  -41   62   13 -106 
  78  -17  -41   -8  104   91  104 -127  107  -85  -74   99  101  -34 -119  -17    9   87    9   99   53   74  -58  -91  115  -79  -48  -53  112   93  -31   62  -51   57  -74  -75   20  -97  -74   -1  -54  -20  -29  -81   75  -20   30  -44  -60  -89  -73  121  113   -3  -98  100   47  -18  -81   31  -53   17  -35   24  -54   20   77   94   51 -124  -34  125  -16   65  -84  -69  -83   74   15  -15  113   70  -22   98  -60    8   70  115  118  118   18  -62    7  111   90   81    3   40   47  -74   44 -115  -77 -100   78  -33  -40  124  -87  103  -19 -102   46   88  124  114  -32   67  101  -41   57   -9   25  -64  -26  -13 -111  106 
-101   64  -96   71   78  -44  100   28   51  -68   24   93  -93 -122  119   81   94  116   67  -66   55   40   21  -16  -97  -82   48    6   34   65  -16   61    1   16    5  -49  100  -23  108   24   37    4  -11   72   10  -20   26  -24  -32  -35   39 -105 -122  -68    7  -91  -21  -73   43 -115  120 -101   74   -6   44  -49   73   16   56   53  -88  -35  -70   29  -90   68 -118   64  -83  -22  -99   84    2  -93 -112 -119  -55   -5  -63  116    8  -71 -112  -45   51   60   34   -3  -52  -37  -78  -11   56  -20 -110   94  -79 -100   30  -34    7   60  -78 -119   95  -62 -110  -88   62  -45  -99  -58   13  -83   25  -64  105  -68 
  61  -75   23  112   42  -49  -36   61  -82   13   89   76  107  -32    8  -99  -23  -24  -32   -4   16  -98   79   45  -28  -36   90  126   29   67  -70  -38  121   81  -54   35  -96   39  -32  -50  -76  -70 -101  -96   26   35  -67 -124 -117   29    0   28   59  -49  -55  -96   44  -92  -98  -55  103  -40   35   96  -87  110    4  -55   21  100   24   73  -98   51  105   57  -42  -89   61  -30   68  -67  126    0   12  -57   32  -72  -21   62    1  -45 -106  -91  -77  -65 -109   55    8   40   28  -96  -15   58   83  -37  -13  -86    2  -80   12  -58  -19   10   70  122   81  -26  -78  -67  -92   52   16  -70   89   67   -7  108 
  -5 -126   20 -105  -94 -123   81  118  -32  -59  -96   98  -11   44  -87   99  -74  111   93 -121  -42 -113  -60   -6   67   84   53   28   24  -82    8 -109  -80 -100  -86  -45  -94  123  -55    2  -64  -23  -27   54 -107   14   25  -53   -3  -10  -46   83    5   23  -50  -55  -21 -125  101 -125  -79  -18 -106  -30   10  -64   53   44  -68  126  -81   -4  -25   20  -78   -4  -94   75   71   31  -63 -103  -13   71   48   65 -112 -100   68  117  -97  117  -29  -74  -41  110  -10 -116   26   50 -118   73  -81  -15  -35  -31  109   -1  -83   52  -97  -18   78   18  -75   -2  -45  -59   26 -105  -69   58 -116   30  112  -28   12  -26 
 -16  -89 -103   -5  112  -56  108  -50   41   90   77   86   14  108  -59  -36   -2   -6   91   81   64  -11  104  123  -81  117   25  -97  -39  -90    6   73  -51   31  -60  -67  103  -79   11   16 -117  -39  -25   25  -59   44  118   68  -90   81   21  102  -58   -2   97  -10  -13   -5   21   76   33 -101   21  110   58   90  -85   33 -117   55  -78 -106 -112   25   47  -43  -59   37 -103  -21  -10   47  -46   61  -83  -77  -77   32   46   72  -20  -49  100 -127  -67   30   91  -23  -64  102  -96  -14  124  -80 -117   44    5  -48  -47   31   59   72  -50 -115    5   -5  -63   56 -101  111    0    7  -65  -28    8   -4 -125  -28 
 101  -61  -54 -123   53  -57  -75   64  115   59 -112  -60  -38   75 -116   40   89   17  -93 -102  -55  -66 -119   74   69  -56  -82  -51   69  -79   49   42  -12  124   48  -87  -61  101  105  -74   32  121   -6  122   69    7   34   30 -104   69   56  -30 -125   65  -84   72 -118  -38 -106   79   12   71   -7 -128   67  -87  -86 -122 -113 -109  -68   47 -115   55   42   82  -66  -52  -16  -42 -110  -88   56 -107  105  100   94  115  -65  116   66   75   59  -68   75   -1  -27  117    5  -12 -119   66  -92 -106   -7   78  104   55 -102  -40 -115  -84    0   70  -62  -23   42  -96  -35  105 -108  -97   52   79  -37    0  -50   65 
 -11   84  -75   -2   22  -39   20 -113  -89   -4   70  -62   84   83  -18  -44   25   48   62  -60   80 -101  -83  100  -70   98   52   22  -30 -126  -41   87   86   12  -42  -20  102  106   -5 -115  -25  -63  -49  -69 -107   62   16   46  -18  -50  114  -65  -23  -96  -93   35 -126   87  -71  -28   90   16  -69   48  -99   17  -99 -125   -4   24 -112   99   90  -32  -98  111  -98   46   29   12  124   16   75  -27   48  111 -119   50   70  -62 -106   32   83  -47  -47  112   99  -18  115  -33 -122 -125  -62   96  -29  -32   79    1 -113  -19 -114 -117  125   89  -15   45   72   -6  -33   15   60  -11  -81   15   70    0   -1   41 
 110  -14 -120  117  -10  -54   85   89   43   37  -37   58 -110  -23   69 -113  -62  -74   60 -117   48 -101   26  -19   16   73  124  -42  -54   -4 -128  -72  110 -120  -83  -28  -45 -125  -66  126   40   25   56   58 -126   -3   73  -60   52    5  -49  -28   32  105   81  -80   51   78    6  125  -54    6  -75  -72   15  -29   29   98  -26   91   96 -114  -12   24   72  -10 -107   17   58   73 -106 -118  -82   54  115  127  102   38   77  -20   35 -105  115   89  -48    2  -68  109  -28   34   72  -60   48  -68   92   -8   50  113 -119  -20   59  -97  -10  105   85  -22  104   59 -112   54  -89   52   77 -102   13  -99   28   73 
-118 -128  -21   82  -60 -101 -114  -96   19   64 -110   28  -83   77   59   35   54   16 -115   30  -53  -98  -44  -14   82  -94   13  -33  -65  -87  -88  -54  -86   19 -100  -18   46  -85   15  -63  107   33   93 -104  -18   24   60  -92  -88   73   66  -13  103 -105  101   57  -71  -14 -104   -8   28  -64   66   70   83   95  -76    1 -118   67   66  117  -28   31 -114   82  -73   74  118  -33   19   57   82   -5   80   56  -76 -119  -86  -51    1   70   13  -60   12  -31  -93   65   98  -83    4   37  -94  105  -60  -80   59   -4  122   50   91   14  -21   46 -119  -69  -26  -67  -60   16   10   69  -41 -104 -119   99   -7  -84 
  36  -37  -39  -87 -128   -4 -110  -59   44   77   65   39   -1   28  -75  106  -54  -66  -91   48   -5  -23  -63 -122  -81   24  -98  -72   -5   23  -27  -96  114   62  -55  115  -70  -37  -72  103  -88  121   14   40   21   67   18   96 -127   56   16   -4  -95   81    2  -48  -23   32    9  101  -73  110 -123  -86   44  -50  -99  103   41  -43   78   81  -50  -36   -7   99  -97 -116   67  -96   68  -44   28  101  -91  -97  -74   15   63   63  -12  119   45   -7  -95  -39   71  -66  -64  -16   19 -114  -63   97  -22   59   68    9   71    8   41   11   92  -58  -16 -127  -27   38   16  -92  -27 -124 -101 -110   -3  -68  -20  -60 
  -6   44   52 -115   59  118  110  -91   49   51   47   -8  -69  -40 -125 -105   30  -13 -104 -125 -102   41  -88   -1   45  -61   18  -85    0  126  -17  122   42  -92 -120  -27 -102  118   11   75   41  -70  -61  100   18  -58  123  -79   57 -108  -76   83   61  -36  -45  -22   32  101   21  -96   99 -123 -102   13  -87  -94  115  -61 -103   -2 -114   66   56  -47   39  -54   23   34   -5  -48   54   48  -92  -13 -116   -9   94   44  -36  -13   76  -65   -8  103   76   33 -119   63  100  -94  -67  114  101  117  -61   12  -64   90  -82   59  -85  101  -21  -49  -40   -8   70  -74  -92  -94   42  113  -31  -94   88  -83   68   97 
 109   40 -124  -86   27  105  -96   94  -11  -32   57   35 -101  100    8    7  -77   97  127  121 -105  -93 -101   65 -108   -4  100  108   41   40   78   22  -48   82   65  107   59   97   74  -80  -63    3   83  -36  -25  -36   99   26  -67   98   19  -44 -122   46 -106 -102  -86  122 -121   83   34   85  -22  114   39  -85   94  -30 -116   40   18  -51  -85  -27   41   18   65   13  -84  126  -17   63  -45  -11  -19  -23   16   23  -29   23  -22 -123  -20   84  119 -109  127   85  -11 -117   -3 -121  -40   40  -20 -126  -70  -82   15  -26  -84  126  -91   -1  -12   18  104 -124  -87  -53   27   20  -48 -121  -24  -56 -102  -24 
 -99   15  -13   27   22   76  -61 -126   78   -2  -80  -35  100  -35  -37 -118   92   79   28   69   83   70 -112  -18  -38  -31  -11   66   41   15  -86   70  -98   30  -31   52  -22   37   55  -72  -93  103   21 -121  -60  112 -111  -95   64   46  102   19  -12  118 -126   78  -41   -9   16 -128 -121   59   71  -91  -39  -88   90   67   77   17  123  112   -8   16  120   61    0 -119   94  -64   55   68   84  -85   58   86  121 -110  -51   10 -110  -44  -59   89   -6   30 -126  -44  -31   79  101  -36   64  -35  108   56 -102  -20   65  120   45   -7   60    1   36   -9  -41   30    9   36  -88   27  121  -19  -11  -13 -117   -9 
  71  -20  -58   44   72 -122 -119   52   62  -92  -96    0 -100   77  121   89  -50   29  -48   37  -69   89  -54  -29  -12  -61   80  105   54   91  -32   -3  -57   39  -87 -113   45  -78   67  -20  -42  100  108  -13   49  101  -52 -128    2   28   37   62  -11  111  -95  105  -78  114   83  104   77  -77  -27 -107   90   14  -92    8   65  104  116 -105   76   96   10   -3   69   86   -3  -57  -14  -93 -123  103 -110  -89   81  -59 -103   36  -83  102   87   19  123   50  -95  -96  -70   98 -120  -82  122   84 -114    4  -47   83  -37   79 -102   77  114  -96   53 -124  -57    6  -55  -32  -86   -9  -58 -127 -118  -62   51  -85 
 -30  109 -114  -22 -101 -120  -66  -87   12   15  124  103  -34 -105   53  -48  -73  -22  -43   -2  112   30   94 -102 -107  -92 -101  -97  -26   79  -53   72   60  -39  -78   88  -31  -16 -127  109 -128  126   85  -34 -107   10   47  -52  116 -124   74  100   34   40  126   56   76 -103   87  -77  104  -94  123   37   -5  -82   -3   92   30   -2   74   30   -4   31  125   17  -87   44   93  -99   48   39 -127  -46  -49  127 -118 -100 -104   98  -49 -127 -124  -54   38    0   -8  -93  -36 -105   33  -90   53  -98   69   50   47  110  -34   13 -117 -114  -76 -116  -31    4 -117  -21   32  -92  -51  111  -91  -46  -71   75   82   50 
 110  -82   73   15  -43   -2   45 -102  -79  -35 -119   15  106 -108   30  -98  -95  127   34  -84  -22  -62  -48   56  -79  -11 -118  -21  -64   92  -99  -82 -118  102   62  -33  -28  -21   -6   21   72    3  -91   50   23   67   81   56   66  -13  101  -84   54  -75  100  103   43  110  -46  107   74  -17 -102   85  -43   88  -76   58  -61   46  -49 -116  -79  -12   62   73  -73   15    1  121 -125  -26  -90   57   28 -118   32  -57  121  115  -78   67  -30  -52   24   56  -92   77  -14  -24   -5   65  -12   45  -74  -78  -10  -19   66  119  -25   69  -34   13   -2  122   23  -98  -63   16 -111  -13  -44  -12   64  108  -84  100 
  57   30  -52  -75  -33   64   98   21  115  -40 -125   53  -49  -22   -6   45  119  120   39   14 -106  104  -97  -88  -36  -13   28 -100  -33   72 -128 -103  -26  -51  -50   69 -115  -80  -37 -128    8  -34   53   87   72  -81    5   63  -89  -84  -51  -66 -107  -20  -26  -15   95 -126   13  -65   74   13  -40  -80   90   38  117  104   86  -48  104  -34   46   30  -75  -10   77   58  -75  117  103    3  -77  124  111   25  -19   79   27  122 -114  -27    7  -26   21  -30 -116   10  -54   98   91  -78  -64    9   80  -11 -128   30  -80  -75   19 -105   56   70 -109   40  -33    0   -9  122   -6    5  -33 -127  107  116  -29  119 
  -2   45   89  -39   96 -103   99   48   14   99  -50   62 -104   97   85   81   39  104   -7 -122  -24  112 -128   98  -11  -33  100  -32  -45  -57  -41   82  117  -80  -85   85  -55 -114    5   87  113   84   22 -118   53  -21   91  -35  -44  -44  -29   60  -60  -28   31   57   67    3 -103 -105   74  -16  105   63   32 -108   20  105  -93 -102   64 -108  110  -42  -98   35   66  121 -128 -106  -51  -28   82   17   72  -15  -54   11  116  -29   34   63   83   11   -2  -13   32 -109  -36   67  -83  -99   87 -101  -13  118   62  -75  111   63  -53  -67  -93  -98   78  107   15 -103  -10    4   -4 -103  -61  -48   36   65   67  -60 
  84  -96 -121 -127  -67   95 -100   48   85   91  102   68   26  -79 -127   61  -49   80   40   95  105  -98  -29  -27  -73   38   53   92  -25   -7  -96  -68   25  -88  -67   86 -121  -38    6   92  -75  -20   32   79   30   34   12  109  -14  -76   76  -37  -46  -81   64   10   85  -10  -26  -67  111    6   -7    8   46   54  -34   53 -112  100   17  -59  -47  -78 -108  111   84   32   92  -58   84   41   33  -89   88  -31   49   46   87 -105  107   70   29  -28  -50  -52 -102   44 -127  -85   17   19  -16   98   69    5   81   25  -91   45   95  122  -42    0  -95  -81   97   82   93   57  105   72   -1    6  -84   78   82  -58 
  -6   84  -15 -117  -25   98  109  -84  -25   62   69   12  -20   36    6   66  -92   39  113 -123   -7   78   62  -30   22  -66  105   66 -116   59 -119    6   15   -6   18  118  -36   -1  -94   67  -66  103  -48   42   11   86  -20   47   -2  -34   53  119  -84  -13  -38   67   49  -61    5   61  126   14  -60   14 -119   86    4  -27  -43   39  -87   19   14   -7  -67 -102  -49   42   73   77 -120   -2   69  -76  114  -97  119   35  -30   -3  -31  -32 -117   37  110 -108   -5  -13   -6   80 -102   35  -28   40 -100   33   66  -21  -53   12  -71  -45 -118  126    8  124  -99   -1   32   -1  124 -127   95 -120   38   78 -100  -95 
 -63   22  113  -37  -71  -43 -125  -43  119   70   65  -62  -46  122   22  -36  120  -98  -39 -107   29  121   20   26  122  -13   34   32  -63   62   65    2  -43   50   93   14 -120   97  100  127   39   37  -63  121   31   87  -43   23  117   46   44   19   39  -64  -83   33   51   79  -63  117   13 -126   -9   98   53  -43  -15   61  -74  -43   60   93  122  125   86   25   85  -85  -80   74   90   92  -35    1 -100   10  -93   79  -39  -28   68  103  -25  -68   73 -100   17  -70   89   71   15   21   36    9   18   -6  -94  -25   37  -46  -78   -1  -82   15 -127  -54 -102  -92 -102  -13    8   94  -38  111 -102  -92 -117   43 
 -34  100  -14  110   -7 -106   -9 -116   16   26  -13  -74  108   37   53 -101  -75   54  -27  -49   90   -1   66  -29  -34  -99  -46   -8  -63  -34  -92   31  -62   22   13   60   45 -123   72  -67   31  -69  -13   11   97  -87   38 -106   95 -116  -27   58   11  -89  -99  105  -60  -17  -30    5   77    6  -91 -112 -100   50   76   73   55   20 -121  -42   79   -6   98   48   35    8   70    3   20  -85  -67  -96  -45  -38 -119   23   73  -21  -99   23  113  -62   39 -114  116  -13   87   44 -121   94 -126   86  -39  100    7  124  -19  -51   -1 -127   -7   60  -95   76 -106  -85  -29   96   22    0   -9    8   66  -98   22   55 
  17  -19  -29   24  -52  -27  -18   37  -54  117   33   55  -61  -95   56   60   93   90    8  116 -123  107   84   27  -20  -53  -93  -82  -23   57  101  122  -89  -56   18  -13   46 -128 -104  120  118   57   47  -71   90  -25  117   56  -63   -3   44  -58  -24    0   98   84   75 -123 -125  -76   63  104  -82  102  -79   64  -39   95   64  -15   87   54  -86    6  111 -123  109  100   61  -81  -31  -23  -11   74  105  -41   30   52  -35   33  104 -100   10 -106 -126   59   86  -37   26   22   76  -15  -51  118  119  -68  123  100  -95   56 -109    2  -95    9  -52 -118   96  107   62  -67   12   38  -39 -106   60  -37   81   18 
  54  -21  -87    2   92  -10   -7   83   50  -12   56   83  -83   75  -42  -50  -44   34  -39  -75   13 -105  -14 -102   62   76  -80   -6  -89 -126 -115   94  -19  -74  -32  -54   44   89  -99  -34  -50   85  -78   -5   33    8   73  117  -86  -94  -86   56  -70   29   82  120  -23 -126  -14   16 -124   -1  -18  -14   53   79   60  -31   40   89   64  118   47  114  -15  -48   -6  -69  -59   36  -35  -16  -36   23 -115  -82   15  -10  -79 -126 -122  -75    1  -11   39  -73  -60  -29   24  108  -67  -40   99  108  -54  -44  -68   68   15    1  -23  109  113   69    4  126  116 -108  -12  -91 -106   -5  -38   23  112 -126   78  -76 
 -27  -25  -96   34   63 -125   14 -118  -40   74   78  103  -52  -73   84  -67  125  -39  -68  113  -19   48 -106    3  -85  -16 -102 -101  -14  105  -49   88  -48  -16   -6 -113  -13 -119 -103   75   83  104   51  -97  -97    7  -35 -100   96   25 -115  -51  -55  -93   80  -11   20  107   16 -122   84   96   94  -92  -48  -39  -77   67  -30  -51   15  -75  -75  -62  -43  -44   73   50  -15   42  -53   -2  119   20   34   72 -119  -74   51   26  -68    7   -6 -101   43   74  -12   94   13   86  -85 -100 -117  -32  -34  -32   53  -88 -110  -90   82  -35   36   73  114  -58   17  123   -4  -60   21   57   75 -113   84  -10   89  -56 
 -43  -25  -98    0    3  -87   97   98   10   22 -118   28   60   92  122  -32   37  108   39  -73  103  -93   -5   -3   92  -57   12   48   61  -26  120 -110   77 -106   19  -48  -64  -12  -78   74 -118  -68  -26   70 -104  -32  -90   62  -52   77  117  -76  113  -16   49   77   55  -67   -2  -11   35  -10    7  -16   13 -102   65   77   14  115   23   24  -80  125  -34  -56  -34    5 -122   42  -46  123   94  -61  -20   15 -111  -93   77   15   24  -16 -123  -96   97   18  -70   34  -33   73   21  118  -31   69  116   64 -114  -46  -59 -108  124   23 -112   91   91   -4  -22  108   31  -73   -5  -72   40    0  -40    9 -109   18 
 -85  -14  -37   64  -23   61    6  -35   -3   20   47   66   40   43  -39   56    6  -76  -76  113  -96   84  -88   27 -116   80 -100  -28  -39  -81  118    4   33  -46  -59 -118 -113   75  -25   12  -33 -106  -50 -121   66   39   64  -56   92  116  -71  124   72  -30   24   84  -78   52  -72   12   99  -81 -112    4    1  -43   15   16  -96  118 -100   -1 -115  -22    7   79 -111  -57 -105  109  -69  -47  106 -124   51    2   88  101  -74 -111  -15 -103  -64    2   29   65   87  -84  -47  120  -93  -19   -9  -80   87  126  127  104  -59 -106   86    1  -25   64    5 -102  -62  -35 -128   -8  -18  -15   17   46  115  -82  -17   75 
 -37   64   67   -2  -83  -70   46 -124  -71   45  109   -2   67   67  127  -85    3    4  -59   69   98  -59  -67  -48   55   78  127   42  124  -18  -11  -41  -81  -72   85  -36  -13    3  -31   44  -80  -50  -86  116 -111  -86  -97   20   46  -28  -39   16   42   22   97  -31  -28   96 -117  -32  -50    1   56   -3   57   13   90  -84 -111  -69   88  -63    9 -125  -75   26  -83  -44  -82   91   57    7  -20  -29  -99  -51   68    1  -83   79   97   -5  -48   25  121 -118  -89   83  -74  -72 -114 -113   -7   23 -110   47  -79  -65 -125  -33 -102   60  102    6  -97 -125   83   99    4 -128   51  -27   -4 -125  127  -11 -115  -90 
 -56  -60  -34  -42  -45   87  109  -27    6  -98   36   10   -3   62  -58  -29  -59  -26  -26 -104  -55  106 -103  124  -49   21 -128  -50 -118 -115  -12  -46  -47   82   40   36   42   21 -119  -80   51   45   58  -80  -20 -127   19   49  -25  121   73   48   99   98   45  -78   -9   45    1    1   58  117   83 -116   72   -5   48  -14 -112   58   34   67  -25  -35  115   83  -34    6    4   69   -1  -50  -11  -30  -80  -94   21   40   79 -106  -87   10 -117  125   22   83   -8  -58  -59    9 -128  104  -52  -24  -59  -64  -69   35   70   64  -24  -58 -114   93   40  -66 -128  -67  102   79  -45 -112  -39  -33 -115  111  -78    5 
 -74   -8 -114  -74  -32  -37   30   37   27   90  -56  -31   26   48   39   40   13  -48  102   13   13   77  -35   97   93   54  -64  106   38  -14  -17   92  106   -2 -110  -54   89   49  111  -12   11  -73   85  -91  103   -3   77  -11   77   51 -126  -38    0  -33  -69  -35 -106   -5  -57   60  110   55   24   88  -75   42  -93 -114  -37 -110    2  102  -54  -41 -117  -79   84   88   38   33   12   41  124 -116 -120  -73  -22  -98   51   49   90   33  -24  -14   -7   29  -99   28   43   -8   47  -83  -33  121    5  -22  -86  -39  -61   81  123   79   -6  119   91    2  -82  -59   33   97  119   -5    2  -33  110  124  125 -117 
  24   40    3  -57   86   98  -64  -37  -51  -21   52   16  -68   47  -33   54   38  -70  -72   85    0   89   54   -9  -43  -71   86  -61  -75   83  -50   77   -4   81 -107  -46   52  -43   45 -127   64  -31   17  124 -111  112   50   55  -86  107   12   42   68  -61  -95 -103   -4  120  -36   49   75   42   -2  -57   -4   19   25  -80  105  -58  -79   41   40   66   38   57   50  -40  -16   92  -61  125    7 -120  -64   40  -95   60   32   -2  -19  -20  -88  107   51   36   -1  -51   84  -24   19 -123 -111  -69   71   55  116   -7 -112  -27  -42  -45  -30   93  -37   34    5   -3  -34  -90  123   75   18  -93   54  -59   72  -75 
  18   28   29  -90   34   47  -31  -23  -26  -42   99  -10   59  -71   74  -99 -106  -91   63   27   34  -99   65   29  104  -45   65   30   25    9   84  -85  -91  -15  -47   71  -96   51  -79    7 -119 -108  125   68  -51   71   97  -29  109   32  126   15   61   64  -83   37 -109  110  -61   44   -9 -105   88   28    9  -87  -28   41   92   21  -80  101   41  -82   41  118  117   10  -39   98  -86  -41  -14  103 -105   31   12  -85   13   80   87 -124  103   47   32  -16   89 -124 -102   53   25  -54   27  -62   -8  -60  -72  -18   79   17  -48  121  105   66   97 -128  -31  -19  -85  110  -67 -125  114  -91   50   19   21   11 
  23   47  -63  -79  122   92  -13  -14  -96   44   96  111  -67  -79  105  -90  115   74  -89  -43  -73  -46  -61  -11  -43  -74   26 -120   73  -81   19  -32   95   84   17   89   48 -123  -53   81   49  -84   64  110  -35   41 -107  -48  -13  -68   37   43   14  105  -96  100  -97   58  108  104  105   -1  -56   72  -44   90   33 -124   95  109   85   16 -103   22   -2  -10  -65   19   70   51   79  -20  -34  -34  -43   -2  -62  -12  -72  -82  -36  -95   45   36  106 -127   -2   11 -122  -35   -8   91  109   17  -15  -20 -121   49  127   78  -28   79  -70   66  -83   15  -64  -17 -125   -8   29  -33   25  -54 -125    3  -52    2 
-113  -46   95    7  -83   77 -103   31  -71  -96  -48  -72  110   52 -121  -88  -10  -76   55   54   35   58  -82  -64 -103   71   11  -99  -53   87   31  -38  -87   -2   97  -42  -53  122  117    4 -101  -59   61 -119  121   68  -78  -17  121  105  -91   28   36  -45   93   61 -101  -24   90  -26  -65   -7   64  -24  120   33   62  -61   28   52   72   55  121    5   64  115  -55  114  -30  -62   92    8   95    0   91   60  -67  118  -92 -104  -36  -29   17 -100   75    9   62    9   77  -38  -67   21 -111  -73 -102   81  -86  -29   68   12   38   32 -108    5  -96  112  -63  -35  102  -27  -11  -61   72 -121  -33   19   16  -99 
-100  -35   -9  -38  114    8   17 -116  -38   59  -16  -98  -57 -106   62  -36   27   94  -52   92  -69  -78  -63   49  -11 -119   56   85   28  -56  114   56   38  -22 -110   24  114   35   37  -52  -34 -107  -22   38  -85  -88 -126   70 -122  -50   34  -62    0   99  115  118  108   43   75    8  115   61  -64   25  -89  -45  -78 -102  118   87  -26  -43  108   81  123 -105  121  125   93 -128  -53   -1  -62   75  -30  -75   65  -50   96   12   86   83  -54 -106  -19  -15  -23   31   11  -32  -10  114   53  -30   67   48   -7   60   45  -42   60  120   85  126   67  -73  -77    5    5 -109 -111  -37  103  -37  -15  -44   77   91 
 115  -40  -69  -23  -54  112   75 -115   32  -60   74  -51   26    6  -59  -17    5 -120   38   56   13  -85   76   31    6   51  122  119 -121   71   82  122  -96 -115  -29  -22  125  -82   -8   29  -14  -62  106 -116   72  -81   -5  -51  -72  -95 -122   69  -52   82  -28   82    5  -33   73   12  -90   28    6  -58   41  105   49   39 -105  -87  -60    9  -21  -81   21  -77  -34 -112    1   22  -79    7  -36   -3  -39   64  -49   94  -97 -104  -22  -58   52  112   12  -34   89  -67 -123  112  -26  -55   -7   81   -8 -114 -123   87  -98    6  -19  -49 -115   73   76  -26   10 -101  -60   41  -77   46  111  104   30   -4  -58   -9 
  57  -53  -25  -96   20   96  113 -115  110  118  100 -116   -4  -47  -37    9 -101  -89  111   37  -62  -77  -50  -11   97  -66  -35   -1   58   35  118  -13  110  -35   19    3  -67    5   16  -85   -5  -12  -73  120   69   18    1   96   57  -15    5  123   36   84  -15    6 -110   78 -123   76  -14  124  -65  -32  -39   83   99   23  -40  -13   66   83  103  122   75   45   12  -51   13  -58   62 -109  -63  -30  103   50  104  121    1  110   69  115  106 -124  -45  -61   87  -73   90  -81   42   29 -125   18   23   78  -65  -93 -101   76  -23   89   95   43  -68   70  -35  -92   63   94 -110    4   81  124    9  -91  -64  -32 
 -36 -102   16 -122   55   19   24  -50  -31   87  -14   -3   36   91  -42    3    6   18  -54  100   55 -119   66   73   14   20   70 -105   57 -122   -9 -107  -96 -121 -101   88   26   52  -90  124   11   24   -7  -81  -12   79   51  122  -30  125   94 -103 -122   33   98   20  -75   40   43  110   46  -93 -125   79  -86  -98   39   69   82   77   65  -34  -26  -70   13   90 -119  -64   84  -21  -67   51    4  -60  -44  -25   88    9 -113    4   -9   62   39   -6   13   81   24  -76   22  -21 -127  -41   73  -25   17  -42  -63   27   23 -106 -122   84   73   11 -104  -99  114  113   38 -127  -11  -99   63 -100   23  -52  109  -81 
   0    4   26    2   91  -29  105  -19   58  -85 -120  -47  -63 -114  -91 -118   25  -66  -89   11  -81   77   13   36  106  -52   64    1   25   45   48 -103  -79  -53   27 -115   46    5   -6  -24   48    2   57  113   16   95  123  -86  -99  -94   53  -52  111  -62  112   89   15   48  -38  -88  -35 -118  -63   15  -43   93   28 -124  -30 -106  -20 -110   24  -90 -125  -88 -123  126  -46  -94  -96 -120  -18 -113  -54  -34  104   89 -114  -62 -127  -21  -52  -61  122   34  -96   22   38    2   44 -110   20  -60  -72   23  -19  -67   21   63  -33   53   71   77   68 -110  -85   44  107  -71  110  109   37  -70  -80   31   92  -48 
 -74    2   82   98   21  -26  -89   77  125   20 -117   18  -45  -22  -57 -101  -72 -117  -83  -29   55 -104   29   37 -123  -62   95  -75   97   60    5 -105  -66  -41  122   83   61  -95   33   58   53   44  -52 -120 -106   19  -93  -50   30  -48   50  -43  -23  -49  122  -18   17   90   36  -14   22  -87   10   84    1    4   40  -66   37  -55  121  -38  117  -59  -30 -117   89    6  -38   -9   86 -116   77  -65  -37   71   46  108   33  -46  -34  -73   -5  104 -116  124  -20   52  -69 -111  125  -76  -21  114   -7   78  125  -46  -44  -41   74  -86  -29   23  -22   62  -34 -104   42 -128  -22 -119  -73  101  113  -61   98  -34 
 119  -99  -17  116  -47   91  102   74   41  100  -99  125  -69  103  -89   31   -2   17  -35   92   41 -120   92 -109 -111 -108  121 -126  -41   91  -32  -49  120   80  -61  -55   43  -86 -109  -44 -114  -80  -47  -55 -105   -8  104   21 -118  -58  -14   51  -50  -50   71  -33  -30   64  -31   58   27   66 -119   19   18  -52   92  -67  -10  111   17    4  -96   98   78  -73  -38   54   77  -28  124  -65 -104  -54   13   95   41  112   31 -117   42  -70   77   51   77  -33  127   41   28  -10   24  -83  122   56 -113   72  112  -23   -1   61   78   -5  124  102   70    9   69  -17   -7  -28   -6  -93   30  -57   86  -21   38   86 
-108  -62  -52   44  -17  -58  -27   -2 -113  -43  104   14 -110   54 -119 -114   28   79   23  -31  -65 -111   69   57  -76  -29 -127 -117   78   39   97   98  106  -83   14  -39  -13  115   88    2  -56   64 -112  -38  -10 -102  -24 -110  105 -128  -13  -88 -111  -72   98  -59   27   99  -48  -23   10  -79  -53  -12  -34   89   78   82   77   38  -44 -107  -26  -27  -16   92   -1   88  110  -24   88  -31   17  105   25  -13  -81  -76  -42   -1   29   96   49  104  -43 -113   65  -93   97   14   73  -74   36  -81   27 -108 -117 -102  108  121    2   69  -38 -109   46  115    6   93  -89   92  -35   68   61 -114   44 -110  -99  -19 
 -75  127  124  126  -75   32  -83   80   52  -72  106   32  -79  -20  -27   11    0 -108   -2 -122  113   37   99  -50  -23   32  -36 -107   50   -6    2  103   -7   -2  101   46  -98 -110   -2   82  -54  -24  -13   -5   84   88 -122  -44  108    4  -37   94  -87  -66  -84   18   94    9   39   16 -125  -87   -9   -4   40  -36  -86   70  -18   40   25   56 -112 -116  -77  100  100  -71  -71   81   61   20   47  102   82   91   -8   48  -28  -97  -64  -25  -56   55   99  112 -109 -115   55    1   53  -48  -71   69  -36  -20   42  -64   37   99 -111  -30   -9   64  -56  -55   28   64  121 -128   95  -71  -24  -89  112  -53 -104 -125 
 -39   79    4 -114  -97   61   84   -5  -87   -2   59   78  -31   77  -80   88   13   -8  -95  -87  -72 -102  -86 -105  -45   18  -66  -61   93  -42  -58  -74  -91   74  -59  -60    7 -103   63   48   23   -5   -2  120  -56   46   80   85  -90  113  127  -34 -117  -87  -11  -34   59   51   33   24 -118  103   79  -81   49 -108  -12  -72  -83  -77  104   68   46  -26   60  118 -108   12   76  -70   -3   75   24    8  116 -115  102   47   64    7  -57   74  -18 -106  122  -97  -86  -18  -41  -41   33  -65 -101  -48   37   87  -58   57  -29 -110  115   96   93   11  -24   81   24  -50    0  -40   85   72  -93  -61   94  -99  -30 -119 
  11   57  -32  -84  120   -4   -4   29  -45   67  -42   55   85  -55   23   51   84 -128    4  -20  -50 -123   69  -92   77  104  -25   43 -123   74   52   16    3 -107   60   -4   17  -71 -103  100  124  -16   27   81   57  -77    4   14  -77 -119  122    1 -114   63   37   91   39 -115    6   44   87  -69  -68  -38  -48  121   86   97  -78  112   69  -82  -32  -31  127 -103   20    4   39   71   13   34  -56   27  -31  110  -10 -119  123  124   53   82  -73  114  -84    7  107 -125  -24  -99  115  -82  -53  -45   15  -54  -20  -93   78 -108  106  -37   54  -78  118 -105  -96  -20  -96 -101  -23   86  109   32   72 -102  -88   51 
 -99   16   80 -112   62 -101  -29  -51  -27   79  -16  -76   99  -38   15   25   13    6   49   45  114   81   73  -37   39   54  124  -17   80  -92  -94  109   52  114  125  -13 -115  -32   64  -13  -80  -79   39 -109   11  -74   45 -104   60  -34   70   47  -81   15 -118   87  -59 -122  -58 -106  -86  -23 -125   95  -37 -127  -46  -23  -31 -110   92   17  -61    3   37   79   57  -46  103  -10   48   45  -91   95  -68  -81   54    2  -74  125   24  -32  -26   27  -65   65   28   17  -86  126   36 -122   15  103    9  -76   54  -61    6   30   57  -74  -53   94 -106    8 -115   76 -118  -61   73   34   36  -81  -67   99  113   90 
 -11 -101   88 -103  -94  -25 -128   43   28   55  110  -94  -43   39  -39   32    5  -17  -88   19  -69  -78   86 -123   84   -6  -76 -110  -34  -91  108   83  -63   68  108  -29  -85  108 -114   71   35  125  106  120   36  -61   25  -86   50   65   61  109  116   19  114   72 -114  -89   90  -20  -52   70  -65   13   10  -85  112   54 -105  127   -3   59  124  -25   51   32   42  -52   74  -36 -114    7  -54 -126 -101  -68   74  -87  -29   37   21   48  -21   84  -67  118  127  -82   44 -106  -83  -87   81  -87   17    5   73  -69   81   20   24   95 -101   98   97  -74  -98   44  -33    2  -47  116  -78   60   72  -17   50   71 
  29  -34   94   74    8   47  115 -103  -76   61  -44 -122  -47  108  101  -20   78   71   35  109  -13 -126  -17   68  119   33    0   63 -112  -77    7   46   17  -27   -8 -103 -108  -20  -78  -55  -87    7  -49   -6  -13  -76  102  -62  123    9  -81  -18   12   30  -78    3  -65   51  -62  -49  102   73  125   -9  -82  -10   17  -61   98   67   12 -117  -54   91    5   62 -113  -21 -128 -117  117  -81   -7    1   77   44 -124 -116  -33  -58  -37  -59 -112  -39   60  -66   79  -51    1   49 -111 -115   60  -37  104  -63 -103  120   44 -103 -125   33  -56   -4  -94 -107  -88  -90  -95    7  -19   -3   76   -3   86    9   59   37 
  86  -67  -42  103  -54 -110  -61  -77  -45  -36  -85  127  -10  -82   33   62   42   67   84   83  106  117  -38  -41  -14  -89   84  -56   48   15  109    6   76  -61  -18 -105  -43   49  -54   40 -115  -11   40    3   35  -55  -62  -51 -116 -106  -96  118 -117   -5  -51   -2   34  -95   70  -46   49   52   88   -3  119  -58   20  -51  119   94  117 -123  -45   29    8  118  102   74  -60  115   96  -28  105  108   95  -73  -22    1  -40  -80   83 -119  100   44    7   92  114 -101  -87  106  122  -98  111  -51   60   -9  -60   34  -62    8   21  -94  108   -1 -114   76   54   -8  -51 -114   41  -95 -104   13   77   31  -23   63 
  58   18   41   52   49   24 -126  -19 -112  -58 -113  -46   78   37  -12   58  -92    3    6   90  123   84  104   36  117 -128  -78   66   31   27    1  -38  -82  -85 -114   95   67 -112  -52   83  -42  -37  -91  -92 -128   26   95  -92  -99  -27  126 -104  -71  103   61  -82  103  111  112    7   10  -14   97   56   29  111   23  -32 -128   99  -76  -42  -65  -39   -5  -65  115  -38  -28 -112   63  -30  -87  121  -55  102  -89  -79   85 -104   56  -33   10   25 -104  -89    8   47    7    8   19   59   95   82 -107  -38 -111 -120   52  -11 -103  -13   88  -62  -20  -95  -88   20  -46  125   44 -118  -36  -74   35  -12  -35  -84 
 -92  100   52   55   32   19    9   53  109   26   61   33 -112   86 -107  104 -104    1 -119  -64 -107  -36  -67   65  -26   26  119 -118 -114  -44  -74  -78  -71  106  105   89   -2  -14   14  -21 -115  -53 -115  -99  -94  -94 -123  -70   35 -114   -5   57  -22   56   -6   81  -46  -14   91  -31   70 -111   19  127  123   -3   88   -7  111  -26  101  124   50  114 -103   84 -108  -98 -114   55  -83    9  -16   23  -62  107  -24   20  -35  -61  117  -93  -44    9  -93  -48 -122  123   73  117  -30   46  114 -108   32 -117  104   52  -86  118  -20  -41    0   92  110   66   71  -41  -42  -92   26  -52  -56  111   85  -21  -65   91 
 -26 -120   80   72   55   66   92  -41   78   68 -116  120   59   -8  -49  -69  -44  -67  125 -100   20  -45  -64  -81   31    8  -98  -12  115  -35  -49  -38  -27  -96  -94 -100   98  127  -12   48   67    0   40   -2  120  119   57  -52  -75   54  -24   73 -118   41  120   41  -79 -106  -98  -91  -13  -19   -1   89   13   33  117  -16   32  -23  -96  -28  105   73   98   97   64   28  -82  117  -46   22   63  -36  -65   55 -122  -15   78  -92   22  -63   17 -107 -102  -97   54 -112   15  -41   -7   47   59  -29   -8   29  -60  -71  -71  -14  -82   12 -119  109  104  -56   37  110   57  -13 -110  -49   52   36  -28   79   67 -101 
  95  -46  -14  -40 -127  -83   59   -6   74 -128   51 -124  -14   97   16   -5   79   -8   68  -12  -25   -3  103   -7   77   27  -99  -79  -22   96  -52  -55  -78   62   34  -76  107  -35   46   54  -35  -31   58   80  -62  -54  -53 -111   66 -113    5  -87   13  -20   35  -38 -120   64   11  -14   33   88   60   83   22  -34 -121    2   59   53  -72 -103 -106  114  105  -39  -68  -76  -22  126  -60  112  -88   81  -36   75  -85  -28   11   54   87  -84   14   19 -128  -91  113 -121   39   44   61   95   69   83   81   46  -84 -115   99   23 -117  -89    7  -77  120   99  126  -93  -56   10   89  -97   54  -24   50   54   13   35 
  62  -76  -49   -5 -109 -107  -50  100   67   -5  113   38 -110  124   77   25  -80   69   -4  -82  104   68   56   66   99  -17  -86   21  -91   55  -72   99  107    8  -34  126   29   45   98  -32  -88   83 -121  -70   79   84   83  127   26  -49  -82    2 -108  102  -60  119  -43  -18   13   -5  -91   69  -34 -112  -51   61 -114  106  -22  112  -53   18   67  -46   76   19  -90   31   18   64  110   64  -61 -126   39    7  122  124  118    7   -9 -101  -52   86  -84   26   19  -70    4  125  -85   79   15  110  -95  -37    1  -56  122 -108 -120  104   84  -53  107   -5   83  101   -8   73  -20  111  100   56   69 -112  -46  -40 
 -53   87  -43  -10   38  100  -28   72  -65  102 -112  -71  122 -104  -94   78  -28 -115  -54  -73  114   66 -128  -34   49  100 -106   -9  117  -23   79  -64  -64  -91   54  102 -119 -102   46  -55 -128   62    2  122   87   36   73  -69   49 -109  -14   35   85  -14 -127    6  -42 -104  125  -53    1   77   11   65  114  -63   39  123  -36  -42  -60  -36 -108   71  -41  107  -21  -96  -90  -99  -77   24   64 -120 -118   66   14  -31   90   12   44  -37  -39  -72 -100  -53   -7   67  -58   85 -103   11  -78  -82  -46    9 -103   61   41  -64   90   92   88   27  100   99  -35  -14  -60  -73  126  112   18  -41  -88   46   34   34 
 -15  105   -9   11  -12   41   57   70  -78   82    3   91 -110  -34   55  107  121   27   78  -42 -114 -110   13 -116 -126  -97  -28  -85   77 -122   77  -66  111  -60   73  -29  110    2  -87  -96  -43   45  124  -25 -117   51  -46 -124  -49  -96  -38  -35  -78  103  -23  -75 -122   77  -32   83   84  -83 -111   67  -15   91  -89  -33  -35  -48    0   50  125   -4 -102 -120  -81  -20 -116   -2   13  -26   91   63  -51  -59  116  -45 -110  -44  -90  102    1  -72   42  115 -109   81  -46  -16  -95   82  -93  -97  -50  -67  -89   -2   41  -76  124  -74   26   88  118  104  -99  106  -69  -81  -65  -30 -106   64   26   64   51   45 
  17 -122  -99   50   88  -64   81  -89   -3  121   37  -89  -83   33  -35   71   -7  -45   47   22  -66  107   70   -3  -51   92  -67  103   28  113   20  -83  119   49   95   79  114   49  118  -17   42   27   22   87  -67  116   30   54  -57  -50  -51    5  -71 -109 -126    6  111  -64  -19   11  -79 -127   56  -88   50   23  119   36  -56  110 -108  114    9   42   73   70   30  -24   -3  102   54   74  -21  111   93  -18  -11   76   46   98  -41   95   99 -113 -121   21   38  126  -70  111  108  -50   97  -10  120   43  -68   23 -109   57   -3   73    3  104   56  -32  -42  -83  -84 -124 -113    3   99  114   18  106    7  -71 
 105   65  -88   85 -113 -119  -53 -120   52    8   31   71  -63 -100   16   69 -124  -56  -91  -37  -11  -46  -33    4   85  -61  -10  -24  -83  126   33 -106   63   73  108   79   82  -73   87    7   63  -10  -50 -127   18   95   70   22  -89  107  113   29  -67  -47  -95 -109   20   24   -5   65   22 -100   88  -43  101   68  -92   55  123  123  -66   59  -15   13   60 -125  -20    2   26   19  -19   11  -80   43   92  -46   62  -16  106  -71  -78    0  -43 -118   85  -70   78  122  113   73  117  -80    4  -25   61  -64  -22  -87   66 -124   60  -80   16  109   91  -20  -65   25   93  -87   82 -113   41  -89 -103   -2  -31  103 
  -8  -46   48  -18    2  -75   85  -65  -11  -65  -24  -72  -60  -91  -24   84 -110  -61  -64  -47   92  -99   -6   46  -84  -93   85  -59   33  -74  -84 -102    8   93    8 -117 -110  -35  -54    7   28   51   63   96   88  -89   52  106  -22  117  -69  -58 -110   53  116  -65   88   73    4   -7  127   49   19    8   14 -101   19   32   -8   93  -89 -107   16  103  117  -24 -114   42  -46   -7   31   13   63   49  -62   52  112 -102   -3  -11   20   -3  -90  -89 -123   52  -61   24  -44   59  -11   -5   80 -122  -30   70  -18  -15  -16   65  106 -113  -50   41   64   17  -35   49   43   91  -90  -65  -40  -52  -25  -35 -128   42 
 117  -44  -27  -22   79  -74  -16  -78  124   95   35  -20   32   13   -5  110  -74  -69   -1   20  108  -85  -17 -110  -22   71  -34   81  -92  -34   -5 -103   50   97    3    2 -105  116   52 -109   83  -41   -1  -13  100  122  -31 -102  -75   97   46  -94 -116  -99  -76  -10  100   19  -56 -120  113   67  -95   36   36   37  -90   59   25   90   78  -20  -79  -51   95 -107  -57  -64  -81   -3  -95   94   31  -83  123   83   36   96  -26  108  104  -40   47 -118  124  -44   47  -94 -113  -56  124   94   52  -83  -85   19  -62  -13   83  -15  112  117  -49   15  -94  -53  -30   70  -85   73   50 -109  -95  -30  -99  -99   54   76 
 -65   69 -108  -69   35   72  -24   79  -37   42  -62  -81 -101  -78  -92  -21   65  -58   54  -93 -115   97  108   63  116 -115  -95 -110  -86   87   94  -23   29  115   36  -64   59 -116 -113 -105   54  -47  -58   82    3  -22  -67  -60   48  115  -24   61   84  -44   -3   72  -30   30   90   12  -10   57  118 -109   44   26  -45  -25   39  -29   -2  -35   52   68  -81  -72  -82  -20   -4   95  -33  100   28  -77  -71 -103  124   27   56   86  -89  -82   15  -99  -63  -69   56   20   35  -33  119  -95   60   44  102  108  100 -108  -40  -32  115   56  -59   16  107   -2   41  103 -103  -31   62  -64   15  -51  -34   80    9 -106 
 -27  -84  -11  -36  -51  -79 -120  -77  -99  108  -56  -10  -51  -69  -82   18   75 -103 -112  -11 -127  -87   86   63  -23  -26 -116   71  -74   21   93   27   65  -46  120 -113    4 -128  -62   33  109   10 -105  -70   70  -59   76   17  -33   92 -122  -32 -123   93  -97  -18  -61  -85  -74   -7   65 -109 -107    2  -26 -115   17  106 -115   84   11  122  -34   35  -76  -92  104 -128   54  -57   92   60   39   97   25   70  -48   92  114    6  -42   51   25  -21  -75  127   -8   71  105    5   27  -11    0  121 -104   52  -98 -128   53   84  -56   17   16  111  -13  -86   54   67 -122   40  -55  -36  -37   98   71   16   98  -65 
 -41   75   69  114  -64  -59  108  -40  121 -118  -39   46   94   33  -64  -18   16   51   24  -58  -10   31  110   63  123  -55   33   67   90    3 -126  -79  -49   71  -92   15 -116 -112  104 -122 -102  -63   52  120   98  116  -26  -14   39  127   57  -99   30   39   92   25  113   -2  -36   75 -127  -33  124  -48  -90  -96   96  -77  -80   72  -71  -54 -119  109  -62  107   98   41  -35    9   40 -106   39  -58   62    3   95   47 -127  -68   -6 -125   27  -10  -45   65   23  -77  116   71  123  -83 -110 -124 -101  -44  111  125  125  -51    6   37  -29  -83  107  -95   49   75   80   50 -121  -54   53   34   65 -119  -29  -40 
 -68  -40  -97  -72    5  -79  -68   32    6  -84   29    3   -7  -92  -87   92  -47 -108  126 -126   95   78   53  102 -103  -22    8   90  -13  108  -78   48  -60  -47  104   73    3  -92  -22 -119  -48 -121   12   73  -85   53   38   -3   74   36   -1   41  -14  -76   16   11   31 -104  -27 -110 -124   23   66  -56  105   42 -110  -20   79   -4  -11  -97    3 -127  105   47   55   15  -84    1  -77   43  -86   37   96   58  -79   -1   83   22   17   87  -82  -44  -96 -105  126  -78    3   77   46  120  109  -79  121   86   96   48  -27 -116  -79   24   56  -36  -67   24 -106  -18 -105  105 -123   40   65  -77  124   97  -54  123 
-109   77   72   65   69   53  114   62   11   83  -17  112   95   32    8   23  124   70  -81 -109  -76  -58  124  -71  111   61  -20  107   30   54  102   49    3   47  -14  -56  -28  -27 -121  112  -72  -10   96 -105 -106  -23   47 -109  -81   94  -90  -29  -91  -94   29 -108   96 -119  127   -2   64  102  -80  -61   21   34   12  121 -121   19  105  -65 -119   74  -41  -97  -77 -122  -78  -30  100  -40   69 -119   -5  -30  -99  -37  -20  -99   89  -84 -125 -119  -17   24   44  123   17   51   14   -5  115   23  -59  -54   55   -8  -48  105   90  -76  -62   31  -66   61 -126  -37 -104  -18   -8  113   26   -5  123 -119 -109   39 
-123   37  -38   19  -96  -51  -85  -27   23   98   93  103   75   55 -100 -115  -42  -38   74  -40   53   98   70  -82   84  -32   41   79  -22   61  -10  -17  -30   80 -126    2  -98  -83  103   53 -113   68   29   91   -5   57  104   81 -109   51  -86   72   21  112  118  -23  -47   32  -72   59  -35   46  -86   63   -1  -84  -63   29  -38  -88  -46  -23  108  111  -60  -25   40  -83  -72   59   96  -30    4  -11  -45   -6   95   36 -102 -105  -33   -9   70    9  -74  -59   53   -9   98 -113   31  -76   -7   11  -92   61  114   76  106  -85    8   74   13 -116  -64   96    6  -97    4   33  -74   99 -104  124  -20  -49  -63  -94 
  70  -93  -79  -26  -40   42  113   -4  -24  100  -56  -46 -113   80  -99   28   92  -35   -3  -29   -4 -127 -124   50  101 -100   47  -47  -21  112  -13  -78 -108   37   24  -20  -49    9  104   55  -19  -80 -118   -4 -127  -89 -103   93    4   22  -64 -128   23  -60   50   -4  -31  -31   78   76  -46  -63  126  -26  102   22   82  -74  -96   58  109   13  106  119 -118  107  -98  -93   73   34   57 -119   34  -48  -50  -43   77   47   54   27   -5 -120   92   -6  -18   67 -112  -64  121  -80  122  102   62  101   94   72   80  124  107   25   31   36   35  -63  116  113   22   65   32  -51  -36 -101  -43  -71   21   68  124   38 
-124  117   86  127   91   20  100   57  -36   52   54  -57  -50  -43  107  113   22   96   98  -83   33    2   -6  126   29   79  -73  -77   19  -77   89   24  -88   47   23 -125  -60   -5   61   32  -81  -13  104   -3   72   83  -18  -34   51  -48   11  -43   82 -123  -45  -16   85   10   35  -24   61   -4 -128  101  -85   23  104  -17 -110   37 -112  -62 -104  120   63   96   75  -82  -65   -1   -2   74   84  -47   80  -89   65   37   49  -28 -115  -18   96 -114  -45 -117   37  -69   -5   56   97   11  122  121    3   57   90  -50  103 -103   77  -26   99   33   55   51   72   -8  -40   -7   92  -26  103   60  -12  -70   71 -103 
 -10  -62   81  -41   77   75  -48  -48    5  -86   31  -20  -61  -20   82  -89 -114    9   90   86 -127  -77  -48   93   25  -73   25 -115  -14  -31  -90  104   35  120  -65  -15   67   15   65  -56   58  -32   53  125   77    7  -92   91 -111  127   49 -110  -78 -127  112   75  -71    9   88   43  106  126   19   14  118   82  127   58  -31   64 -126 -101  -95   55 -103  110  -65  -67   73  -48  -68   -6  -30  -18   -4  -46  -71   53   92 -111  -32   70 -112  115  -44 -122   69  -45   64  -90 -108   67  -62  -75   -6  -37  -93   57   24  108 -119   85  -26  -20  -61   98   62   -3   23   26   14  119  -31   30  106   53   37   47 
-119  -27   86  -99  -88 -104  -46   35  -13  -11  -36 -117  -31  -26   96   71   82  -92   42   16   33  -63  -85  -81  -71   12   78  -93  -63  -13   83  -54   88   41  -25 -127   65   57   36  -76  -82 -128  -65   15  -26  -96  -41  -72  -60 -127   73  101  -62  116 -108   -5    0   98   31   65  -43  -14 -116  -82 -101  -13  -81   92  -83   83 -112  -37   83  -49  107  -70  -17  -62  -14   51  -61  -69   24    5  -81   45 -127   47   15   32  -15  101 -110   -3 -109  -83  112  -62 -119  -99 -107 -103   -7  104  -24  -28  -94   88   38   21   11  105   80  -92  -18 -128   81  -17   47  -32 -113  -96  -59  -95   29  -40  -50   14 
  26  -41   43   47  -16  -92   24   89    8   58   49  -82  -49  -68 -105  -96  -32    6  -96  -79  117   79   18 -123  112   87  -90   13  -80  -11 -101   74   76   71   -6  -67  107 -110 -106  -12   76   71   34 -100 -125   58  -68  -28  -64  -36   21  -75  -85  -89  -70 -101  127  -31   41  -81   86   68  121   34   11  -13   95   -9    5  117  107  -46   60   13  -18   64  -57   42  -92    7 -122   57   61  -79   97  119  -51   96  -40  118 -113  -82   58 -120   81  -58   -4   48   61 -127   38   40  -45  -30  -75   65  -94   -3  -21  -58 -124  -15 -128   65   35   97   57  112   65 -111  102   80  -64   32   88 -111  102  -44 
  65   35  -42  -25  -53   41   74    1  -21  108  126   86  -77 -126  -56  -77   68  107 -108   -3   91   85   14   65   37   78  -31   -3   95  -56   82   33  107  -88 -120  -73   81   82   56  -68   63   54 -109  114   56  -37  -91   -4  -58  -71  121  -95 -114    8   98   51  -42  -61  -80  -74   11 -126   87   -9  -86   95   46  124   50  -26  -72  -15 -100  -53  -29   84   38    8  -47  108   65  -54 -115   79   82  111    2  -87  -77   50  -33   62   53  -74  -75   95 -107   99   91   71  -55 -108  -72  -27  -33   27  -70 -122  -93   11  114  100   85 -128   51   40  111  -75   81  -94  104  -80   97   29  -26 -106   -4   -5 
 122  -40  -61  -61  -20   -5   41   75 -105   99   81  -70  -18   68  -97  -61   68   82  107   51 -120   60   86  112  108   55   13  -46   77 -119   78   71  -31 -111 -117   77   12   52   25   35   23  -22   94 -123  -82  125  -56  114   79  -76   38   87  112   -4   71   93  -77  -44  -81 -128  -34  125   72   63 -114   83   13   27    7  -90  -66  -98   16 -100  -93   63 -103  -21   49  105   31  -41   64   16   83    8  -19 -122   92   28 -121  -70   26   79  122   40   34    7  -61  -87   45    2  -57  -67   30  -22  124   56   85   46   33  -11 -123  -31 -123   89  105  -14   95   70 -114  102 -128   40   53  122  -47  -41 
   1   20    0  -82 -106   71  -20   53  -79  -24  -19 -121 -106 -114   -4 -100  -17    1  117  -39  115   84  -97 -127   59  -97   42  -16 -102  123   72   27   15  -56   74   38 -112  -74  -37  -63   30   72  -56   53   86   68   81  -59  -59   70   30  -72   26   61  -70  -43   93  100   70  119   95   14   18  -18   86  -36 -108  102   18  -17  -88  -79  -73  -16  102 -115  -75   55  -45   -6   -3  113   51 -105   47  109  -19   12   81  -77    3   48   65 -107  -98   23  -14  -77   -2 -124   34   38  -75   90 -106 -101  103  -53   82  -70   70  -49  -84   -7  -25   91  -26   84  -25  -73 -121  106  103   72  127 -123  -33  -15 
 -72   93  -10   91    3   43   53   26   71   28  101   25   87   43  105 -125  -92  -48   94   10  -92  -59   65  -85  -81   40  115  -82   46  -46   32  102  -80 -106   65   51   65  -10  -51    8 -109  -77  -94  106   94 -117  109 -125  -37   75   13   -1 -112  -49   42  -65  119   29  -19   37  111 -115   12  -97  -93  -51   83  101   68  -96  -19   87  -45   15   65  -78   26   46  -75  117   -7   66  -12    9 -111  -98   72 -119   59  -75   46   43  -61  -70   74  -26    8   29  -53  -52   62   57  -93 -111  -56  100  -61   99   18   -8   88 -117  -69  -51   20  -52  -21  -36  -43  -89   17 -124   82   84  -66   28  -69   70 
