 -70    6 -110  120  -65  -75 -119    8 -103  -51  -21   43   69  -61   54 -128   16  -54  -51  124   38   34  -93  -72   38  117 -116  101   17  -57   43   75   78   62   67 -115  115   77   21 -115 -102 -128   56   95  -60  -17   96   84   57  -83   80  -32   79  115   24  -10  104   36  -37   -6  108 -122  -59   58   68 -119   71   56   86  -35   69  112  -35   -3   79   33  108   47  -10   38   92  -58 -122   44  -70   30  -94  -94  -62   -3   28  -82    3   98  104  -56  107   48 -128   65 -115   69   49  -22  -62    0 -116  -81  -80    2   85 -116   72   91   56 -126   -7   90  -91   59  -41   65  106   91   35   82  -93   14 
   2  -93  -49   15  104 -128  122  -86    1 -122  -39   49    8  -82   61  -48 -119  -10  -45    2  -48   -8  -66   40  -71  -88    3   93  122   38  -21   -3   73   59 -116   49   59 -122   91  -68 -116  -75  109   20  -29   43  101  -19  -95  -72  111  -15   48  -83 -103  105  -43   28   70  -48  -62  -78   77 -117  109   89   60   40   96   24  101  108   77   82    1  -80   -3  -26   29   30   30   13 -112  -50   58  -87  -73 -112   70  126  -32 -120  -80  -83 -108  -99 -122   80   69  102  -24   42   83  -75   -3  -44  -26  122   58 -125   25  -40   16   41   38  -53   82   93  -37   24   91   59   33 -117  104   53  -88  110 
   5  110   85  110   24   40  -93 -107  124    9 -112   54   13   41 -114  -99  -46   52  -24  -92   17   67   61  -19   -2  -34   -8  -26 -109   33  -43   24   15  -86    6  -89   82   42  -67   78  -77  -51    4   64  118   18   94  -56  -58  -58  -20   87 -118  -87  -60    8    7   61  111   26  -34  -60  -77  109  -18   57 -108  -64  -29  -47 -114   23   30   18  -41   20  -92  -75   92  -22   -4  -55  -63    6  -14    6 -114  122  -61  125   20   33  -63   71   14   47    1   34  111  100  116  125   -5   18   15   83  -89   51 -120 -125  -99    4  -52  -33 -118   63  101 -103   57  -88 -106  -51   73  -40 -107  -41 -121   22 
 121  119   -6  109  116  118    0    4   73   39  -73   81   42  -43  -42  119   52  -32   54   25   -7  -17   65   16   60   10  104   81   97  111  -25   90  102   98   72   91   88  -56  -33   33  111   22  -14   25  107   72   16   31  -87  -58  -72   34   53  121  -78  -14    3 -102  -61  -28 -118   43  -65  112   13 -121   75  -27  -49  -86 -122  -66   65   -8   87   44  -63  -24  -52  -22   46    4 -116  -28   -2  -65   86 -127  -39 -103  -26  -29   68   37  -44  -47   44  -97   54  123  -54   60  -71 -117  -75 -112   55  -10   -8 -125   96  -89    8  108   11 -122  -85  -31 -121    5   -6  -19  104  -65 -110  -68   16   62 
 -36  -57   57   38 -125  114   49  -72 -125  -24   46   -5  -20   14   34  116   -5  -83  122   38   14 -127  -85 -119  -17 -108  -56    1  -48   88  -64   44  -97  121  -46  -93  108 -125  -37  111  -20 -118  -22   88   24 -115   76 -109  -70   70   58   73   71  101   82  -74  121 -102   56  -54  114  120  118 -110  113  -55  -75   93  -52   16   76   56   26  -73   16  -77  -60  -36  -58   -2  -94 -128  -57  106  102 -103  -96   95  -77   88  -87  -90   80  -96  -72   66  -23  -19   31   53  125  -20  -18   24   35  126   75  103  -37 -111  -27   -3 -110   45  -25  120   70    8   87  122  -32 -127  -96  -79  -95  -40  115   10 
  69   18  -65   66  126   45  -38   33   44  -91    8 -121  -73  110    4  -55   27  108  -63  -31  -12 -104  -37   84 -103   -5 -123  -70   83  120   68   24   11 -124  -37    9   49   53  -85  -35   91   51  -28 -110   33  105  -37  -68   85   28   30  -55   52  121  -99   78  -11  -93 -120  -56 -101   77   97   38   81  -68  -80    2  113  -37   96   76 -114  -60   94   48  -83  -71  108 -126   85   10  -53   10    4  -23  -40  121   12  -32  -63   39  -83  -94  -50  126  -34   -2    1  -48   89  -31 -100  103   37  123   23   83  -76    4   85 -118 -114  -95   20   18   10  108   11 -106  -52   77   61   -6  111 -117   -8  -50 
   9  121   30  -30  -38   58  -54 -128   53   97   83  106  -27   40  116  -12   73    8 -122  -45  -12   18  -23   64  -33  -89  -70  -50  -78   51   28   60   44  -70  -98 -121  117  -24 -121   42  -54   90   20   47    2    8  -93  -52 -112  -86   31    4   60 -119  -59 -101  -80   -1  -23  -30  -78 -122  -98   95  -64  -67  102  -75   37  109   96  111   71  -12   31  -55  125   66   21 -115  108  -75   18   40  -66   87   67  -18  -42  -83   80    9  -77  111  -24  -13  -84  -50   41   81  -69    9   65 -126  125  -32  -53  122  -94   97 -120 -113 -106   26   55  -44  -15   -5   66   71   40   18  -48   91    1   56  -50   45 
-122  119   -1  -63    0  -64  -61   -2   32   15   -8   66  -16    0   81    6 -102    9   90   11 -124   28  -45   44  -82   35    7   48  -36   85  -35  -30   77   92   36  -51 -100  103   75   60  -10  -60   -1  102   68  -48  -20   95   89  -58  -22   93   98   61    9 -111  -31 -112   65   61  102  -98  -97   51  123   67 -128 -105   43   76   84  -95 -112  -45 -120   84   35  -12   51   -3   59  -98  -38   29   91  100   46  -68  116  -17  121   90   14 -103   13    9   92   14   32    7  -38  -12   41  -22   71   49  -66  -21  -91  114  104   96 -112  -62   -2  107  -90  -84  -88 -101   28  -95  117  -86  -70    3   51 -105 
-111  -45   30  -21   72  -57   85   15  120 -109  122  -98 -123   98  126 -107  -91   -4 -127  -53   41  -87  -26  -59  -54  -36  -17    5   95  -94   28  112  -11  -70  -37  -67    2  -80   77   -6  -61   71   24  -55   42   23  -34   79 -109  -33 -102   60    8    1 -127   83   93  -16  -40   60   18  116   44 -120  -82 -121  -59   48  -73 -110  -85   -6   90   67   67    4  -38  -94  -45  -18    1  -19  -86 -118  110  -84   93   75   28  -75    7  -81  -87  -77  -73  -41  -70   -4 -120  -15   15  -77  108  -23  118   47  109  -47   81  -64   63  -45   45  105  -35   28 -107  -70  -25   50  -17  111   97   24  -94 -104  111  -35 
  20  119   78  -93  -86   58   12  -95  -22   -7  -14  -69   57  -79   14  -25 -102  107 -125  -80  -91  -22   98   20  -39   67  -84   -4   91 -100   89  -17 -109   39   19  -66  -30  -97  -33   76   25   81 -121  -46 -126   22   57 -100    1   60  -52   39  -89  -82  -69    0  113  -24  124   76    4   85  -68   23   -3   79   85   95  110  -76   43    7 -123   50   90 -121  -56   19  -92   74  -48  -16  -15   -9   31   44  119   16 -108  116  -35   24   73   25  -80  -58  -24 -123  -91  -42  -70   80   94  -65    3   56  -57   75  -53  -21   21   27   91 -122 -110   -6   51 -118 -117   71  126  -24  -32   71 -127   16 -114  -23 
  21  -77   63   79 -124   29 -113    7  -43  -42  -46   33   65  104  -68   28  110  -49 -105   33  -39  -94  -23  -41   10   73  -98   11  -39  -84  116  110  -32   51   62  -28  -47   77  107   38  -93  -67  -57  100  -91    4    0 -108   83   23   53  -84   57  -98    3  -61  103   33   78  -64   78   66  -81  -82  -10  109   18   71   58   -3  -19   93   58   53   65   96  -71  -63  116 -116   89   41  -72   18   72   59   86   47  -36   36  112  -86  -25  -97  -40   93 -116  106   36   70  -25 -111   35  -94   70  -28 -126  127   37  118 -117   -2   31  -61 -111  -25  126  103 -105  -37   11 -121    5  114  -90   94   79  -78 
  72  -13  120  -80    5   27  -46  -53  127  -44  -53   36  -54  -42  -93  105   26  -76  -47   24 -101  -24  115   38  -17   -7   25   21  -41  -24   71  -97   92   63  -49  -31  -38   33   44  -39  117  119  125  -65  -50  -96  -87  104  -44   -6    0  -17   98  -12 -106  -47  109   47  102  -60 -105   45  -29  115  -20   51  -44   70  -44 -127  -97  -54  120 -100    9  -58  -67   50  -82   17  -84   47 -127 -114  -93 -105  -33 -112   70  -59  -44   93  114   55   81  -34  -22  -91  -92   63  -90  -61 -119  -97  -32   18  -27   29  -59   20  -82  -15  -61  -81    0  -26  -58   95  -10 -116  -91   74  106 -105    1   59  -10  108 
  96   26   43 -121   94   52  -90  -66  -58   11   91   11  -97 -119  125  -30  -71   -3   72   -1  -36  -66   12    1 -120  -10   25   10  -79 -113  -10 -111   41  -95 -104    7   85  -66   69 -101   74   32   39  105   42   36  -52   99  -95 -108  -30   -3  -45  110  127  -37  -28   24  101   21   39  -37   39  -48   -4   63   88  -47  126   29  -19   72  -66 -108   49  104   56  125   75   89 -110  -83  -42  -27 -100  -43   64    0  109   38 -106   20 -127   61  101   -2   -4   61   79   -6  -38  -68  -62   24  -48  116    0 -120  113  -53   97 -125   -7  -72  -24   21   13  -87 -107   -5   79  -85 -113   80  104  116  -50  -27 
  49  -98   95 -116  -38  -94   36   43 -106  -91   51 -121  -16   21 -117  105   77  -13   -2  -38   28   20   85  -21   63  101  -68   40   89   10 -115   11   40  108   23 -125 -114  -69   46  -92  -32  -31  -84   81  118  -73   58   67   42  -71  -98  -57   77  115   50   12   88  110  -76   50   -7  -63  -67  -95  -82   84  -92  -68 -113   82  -31  -16  -76   13  -63  -86   68  123  110  -18  -76 -116   53 -127  127  -24   14   88  -42   66   10   79 -124   71  113  -78   27 -107  -18   42  104   79 -102 -100  -36  -37  -58  -96  -41  -76   15   11  -64  -60   13  -64   44 -101 -104 -125   93   34   82   97  -23   67 -109 -124 
  89    2   46   65  -47   73   93   46  -92  -93   78   -5  -40  -35 -121   24   34   20   88  -50   47  112  -47   12   18  -92  -18  123  103    1  127   64 -125   46    1  -43   -9  -34 -125   27    2   81 -105   90  -81  -98  -14   81   50  -53  -97  -31  -69  -15  109   78   21  -37   73   -4   93   73  -67   96   -9   62  -75  110  -99  -72    9   31 -118   32   -7  -71   62  107 -118  -16  -74  -87   81  -14   26   63  -64  -81 -102 -119   44  119   82  105   88  -55   39 -115  -73   68  -58   65  -29  -48  -31   92    9  -96   72   19   16  126   60  -30  -16  -41  -95   48    6  -69   58  -78  -77   12 -101 -117   86   67 
-104 -115    7  -34   78  107   46  -80   71  -73  -48   15   74   96   14    7  -62  126   94  -29   47  -28   31  -23   23   82  117   50   93   75  -11  117   89  125  -44   39  104 -126   87   47  -70  -89  -65 -124 -120   77   11  -54   75  -23   46   -6   78  -51   99  -27  -97   89 -105  124   36   13  113   -3   10  -59  -91  -14  -56  124  -95    2  -92  -32    6  -84  -83 -110  -10  121   -5  -92  -13  -55  -15  -41   46   16  -80   70   12   84  -45   -2  -46   93   67   -9  -49 -117  -13  -16   13   23   81 -108   67  126  -90  -70  119   33  -34  -21  107   80   66   25  -32  114  -33  109   70   50  -21 -104   15  -82 
  15   94  -70 -125  -49   71   26  -96   91  -34  -98 -127   24 -106   35  118    1   14   70  -61  -89  -89  -75    7 -108  123  -71   -1 -108   73   45   35   39  103   38  118   47  -63 -106   10   31  -75   12  -73  -53  -81  -83   76   61  116 -113  100 -101  -60  -21  -81  -65   37   46  -45  -18  -37  119 -107  -61   29 -116  114   94  -94   -4   -3  -41 -120   52   34  -73   98  -18  116   86   -3   89  113   65  -60  -96 -127  105   78  -44  -41  -87  -53  -19  -20  105   -7  -34   71   27   91  -59  115   99  121   21 -101   91 -124 -113   49    1  104   34  -61  -83   66  -60 -106   16   24  -18   58  100   91  -90   77 
 -44    5   20  111  -32   89   98  -61   83   -8  -34   46   -4  -18  -32  125  -42 -126  -64    3   69    4   26  -43  -99 -120 -113 -127   99  -74   78  -73   59  -30  -90 -101  -68 -119  -34 -113    1   61   61  125  -85  -99  122    1  -96  -69 -123  101   63   31  -70   92   39  -54   93   10    0   43   65  -69 -114  103  -42  -54  112   52  -39  -15  -15 -106  -18   28  -76  -23  -98  -44   36  -93  -71  -29   66  -13  -64  -23   61  -99  115  -67   73   52   -8   87   27   78  -95   12    3   -6  125  116   16  -20   17   68   85   47 -104   -7   82  -47   92   20   69 -100  125    2  -70  112   64 -125   36  -72   90  -65 
-121  123   75   10  -11   73   -2 -123  -75 -113   74 -118   62   98    3   16  -76  -33  -92  121   -4  -95   -5   54 -111  -69   57   53  -12   19  117   -5   14   64 -123 -125    9    3 -120   62   19   82   72  -47   53  -53   98  105   43 -122   98  -89  -88  -35   93  -71   25   22  111 -115  -87  100    8   55   36   13   58  -82 -112   66  108   35   21   53  117  -54 -128   87  -77   43   93 -107   82 -123  -14   47  -65 -117  -59  -82 -104  -18 -110   32  -91   54  -83   95  100  -66   34   81   97  -73    6   86    1    6   45   52  -78   11   73 -124   16  -69   52   79  -57  121  125  -33  -24 -113 -128   13   70  -83 
 -19   42  -21 -113   -5  -51  -58 -127  -93   71    8   81   -5   58  -36  -60   62  108   -1  -14   60   70  -20   57  -90   84   73  -90  -31   15  -45   78  -71   63   93   53 -116  -93   54  -81  106  -66 -128  -27  120  -36   41   55  -55  -87  -87 -123  111   21   62 -107  -23    7  -69   75 -106   15   25  -48  -50   -9 -123  -38   26   59    9    5  122   10  106  114  102   20   41  -81   61   83  -76   44  -24  115   66   82   -6  125   29   17   12  -74   97   90   45  102  -76  -56   33   62   77   27  -56   55   14  -82  -53  -73  -34 -120 -118   18   53  -13    5   -9  -59 -128  -12   98   17 -127 -104  -14   91   70 
 -40 -112 -114  121   78   91   21 -106   18  -93  -60   94  -38   34  102  -27  -75   27   88   58 -110  -99   58    7  127  -53    8 -105   61  -29   93 -107  -13  107 -113  -63   70   36  -41  -39   71   28  -73  -95  -66  -99    6  -13   57  -34  -82   75   -5  104  -46   -6  -76   90   18  113  -66  -17 -121   49  -37 -106  115  -95   58  -54   -6    1  102   49   34  -91   79  -87   24    8    7   70  -45 -125   47   38   -3   99    0 -113   84   62   -1   91  -16   90  113  -29  123   43   45  -10  -84   20  -89   79   57  118  120  -47   -2   -1 -104   82    2   71   -8 -128   42  120 -113   -2   55   14  -38  -89  -24  -53 
  10  -28  119  -73   90  -93   75 -127  114    4  120  106   86  -10  -22  110  -56  108   53   64  108  -33   57  124   93  -16   10  -73   23  115    3  -95  -41   -6  -40  -79   29  -92  -78   16   40  -86   -6   -2   33  100  -20  105   81  -95   42   61    0  -29   57  -34   83  -60   21  -22  -73 -104   11   14   18   99   63  -80 -121  113   64   48 -100  -70  -82   61  -97   27   38  112   60  -48   45  -67   51  -25   27    6   43  -80  112   98  -55   -5  -16   91  -33  -81 -117  -26  -96   75 -106  -68 -122  -59  121  -91   96   32 -107   28  112   66   89   36  -87  -12  -86   84   37 -101   54  110   22  -90   73  117 
 -43   85  -36  -10   32  -14   50   38   55   44   75   23  -52   96  -76  -68   35 -115   96   76    2 -117   33  -89  -90  -41 -107   60   -2   94   50   83   51 -114  -55  -44    0  124  122  -72   40   70   79  116   38 -125  -80  -55 -111 -111 -106   19 -100   55   58  -62 -114   79  126   12   45   48  -32  -31   62   41   53  -65   37   47   -9  -51  -11  -58  -63 -100  -54  -14  -27  -37    3   -5  110   31  -78   40   97  -63   -9   95   77  -92   16  -83    5  -50   87  -70   13   -4  106 -124   74  -33  -53 -117   -5   21   -3   97  112 -128  -36   94   31   15    6    0   80  125  -32   29  -95  112   75   39  -66   34 
  97   76  -98   75   80  104  -85 -101  116   38   48  -15    7   32  -14  100   -2 -111  -13 -124   18  -61 -127  114   96  -93   98   43   74  -96  -51   43  108  -20   -9   61  -44   34   88  -56  -56    9   58   80  -87  -84   52   40  -67  -89   44   79  -22   46   65  -54   81   35  118   27   68  -61  -58   48   47   61  -19 -124  -33  -58  -52   40   79 -122   -8  120  -78  -84   32  -16  -45  -51  -65   61  123 -127 -121   76   36  125  -25  -24  -63   45 -103  112  -21    6  116   74   76  -63  -14   27  -57  106   20   -6 -106  -76  106  -23    1  -87  -90   -4  -86  -82  -56   79  -85   47  -73  -20  -35  -48  -35   72 
  87  -47   18   35   18 -123  -65   90  111   83  -44 -122 -121  -66  -17    9  -25   22 -123   18   68  -50  -31  111  125   24  -36  -38  105   57  -94   64 -118   53  -29   29   58   34   -9   41  -11   75   47   -3 -119  -97 -122  -16   53 -117 -126   -7  -39  -29  -24  -41  124   68   49  101   -3   84   37    8    9 -120  -91  -61   43   28  108  -96  -25   28   29  -16   59   35   96  -16   47   99  105 -120  -58  -47  -33  -62 -106 -111  -89   19  101   76 -101  -18   85  -64   49    0   92   29   32  -61  -71  -66   51  116   97   20  -28   16   -9  -51   25   61   31  120 -128   53 -119  -89  -56  110  116  -28  -36   73 
  36 -115  -55    1   43  105   68  100  -89   -8   89 -119 -116  -67   25    3   11  -78  -64  -86  -85  -64   95  -76  -24  -89  -93  -36   11   -1  -91  -80   13  -18   49  -72  -41  -11 -100   -1  109  117    8  121  -77  -95   -4   62  -44   61  104   -1  125   71   51  -27  110   86   65   -6  -42  102   42   99  -44  -37 -101   44   80  -73  -85   62  -83   51   55  -32   84  -76  -98  -88  113 -122   39  110   77  -37  -44   59  -79 -107  -75    7  124   95  -22  -48  -70    5  124 -117   61  -89   73  106   90    0  -54   47   52  -24   87   37  -18   -1   20  -69   90  104  118 -117  125  -84   19  121 -117  125  -54  -58 
   3  -58  -47  -64  -18 -102  -86  -56   26  -12  119  -49   92   79  116  -54  -50    8    5  -88  -16   -5  -77  -18   39   70  -25   51   68   49  121  -57  120  -54    7  -26  -28   49   46  126  -91   38  -51 -127  -11  -62  -53   67   74   80  107  -69  -53  -98   41  115  101 -112   38   41   66   31  112   58  105   -9  -96  -51  -88   78  -53  -51  -12   25  -50  105   91   25   44   37  -23   23   96   52   54    9   39   27   26  -51  -60  -36  108  -76 -106   85   43  -74  -94   83 -124  -18  -96   -7 -121  -18  -30   98 -121 -113    7  -16   38  -24  -92  -36  113   76  119   11 -103  -69  103 -122  -17  125   91 -102 
 -77  126  109  -72  -20 -115   49  -13   -5 -109  -43    2  -94   92  114   73  -60 -105  -91  -74   99  -99   65  124  -40   41 -126   72   38   94   98   90   92   80 -110  -56   93   67   59  -39   86 -112   91  121  108   78   66  -79  101  103  -25   72 -124  -88   68  -35   81   71  -91   -8   37 -121  -46    1   87  -28   73   53  -89    4 -114  125   20  105  118    0   55   56   49   28   32 -104  -28   36  -63  -87 -127 -110  112  -90   10   21  -82   92 -106 -123  -64   95   58  -25  -29   72  -27  119   50  -37   -9  -23 -108  -87 -122   52  -63  -22  -40    2   19  -38   21    3    0  -97 -104   46  124  -82   52  -68 
-115  -18   36  -16  -73 -119  -25  105  -28   95  -46   -8 -120  -40  -84  -55   67    5   76  -42   95  -31   90  -33    0  114 -114   -4  -95   66   57  -82  -80  -35   31  -25  -26 -122  -48   74  101   35  -61  109  123  -17  -73   62  116 -125 -107   83  -28  111  -77  100   97  -63  -31 -126 -125 -102  -79  -77   -9   80   27   93   86  107   39   60   14  106   41   10  -38   96  -56  -50   99  -35  -94  -57  -52  -43  -84  -82   22   13  -80   25   39  -31   76  -98  -79  -25  123 -120  -45   34   68   97   13  -19  -21  103  -50   52  -75  -79 -111  -41   -7  -34   44   37   12  -62  -78   60   91   89  -98   40  119  -49 
-113  114  -41  -30   20 -101  -60  -95    9   47 -120   87  -29  -66 -120  -11   21    1   83  -62  -90  -33    4  -40 -101  -32  -79  -71 -120  -88    9 -105 -102   96   -6   47  124   62   80    5  -19   89  -36   81 -105  -28  -58   44  102 -103  110 -116   -8  -13  -27   19   83   22   77   91   63  -42  114   89  -74  -20    8  -78  -86  -39   55   24  -78 -109  -23  -55   -8   47  117  -34   72  100  -22  -64  -41   79   83  -86  -26   32 -123  -91  118  119  126  -83  -28    7  -33   14   96 -105  -90 -110  -86   15  -37   34  -66  -48 -128 -122  -76  -21  -58   11  -70 -102   53   32   58   58   69   49   50   68   94 -106 
 -53  -67   36  -85  -44   75  -67   -1  -38   24  -95   25  104  -94   31  -99   13  102   40   71 -128  -34  -24   58 -104  -83  -21   74  113  -55   96  -68    7    5  -25   91  -48   36  -38   42  -68   -4  -61  -91   30   99  -62  -85   73  106  114   73  -56  -38    3  -31    8  111  -85   -7  -72 -116   54   63   17  -99   27   97   66  117   11  126  -15   79  -93 -113   50  -27  -70   -5  -48  -83  -60   24    7   71  121 -113   54  -91    9  111  -79  -65   46   66  -36  -55   35  -98  -65  -82  -99   48  125  -64   64   47   38  122  -86  118  -89  -18   14   47  -74    8   62  108   45  -57   91   94    6   10   32   99 
  83  -61 -127 -110  -15  -98   67  -17  -33    3  -98 -123   -3  -55  123   37   55    9  -44  109 -111 -110   90   62  -38   53   28   96  -65  -68   67 -109   -1   69  -91  113   99  104  -32  -62  -21   -2  -57  105   71  -62   14   -1   76   98  -20   93  116  -58   28  -50  124  -72  -81  -69  -11  114  -50  116   55  -12  101   27  -36  -59   93   72   68  -91   49   11  -25  -65 -118  -77  -95   -9 -111 -107   61   45  -28   57  101   19  117  -38    5  -61  -49  -67   55  -76   88 -108   -6   53   92  -66   90   13   73  -62   76   84  -11  109  -53    6 -126 -120  -77  -26   66 -103  121   55  -13   -1  122   66   60   50 
 119   20   70  -15  -55   34   47  -92  -81   -8  -26  123  -52   91  104   23  -30  106   32   21  -47  -30   46  -54 -103  -94   73 -109  100    5   69   91 -103   11  -52  -29  -83  123    7  -36  -12  109  -41   64   72  -65  -40  -86  -86  120   64   -5  -38  -18   69  -13   16   15    6  -11 -108  -52  -48  -82   87   29   17 -123   24 -104  -31 -116 -123   57   77   77  120  -91  120  -94  -99   56   29   -9  -90  -29  106   55  114  -16  -84 -122   60   -4  -76   20 -103   69   25   50   93  122   62   98   51   11   48   44   48   40   78   77  -32  -20  -60    6   79  -82  -67   65   31  -23   71  -37  102  124  111  127 
  65    8   49   31    3  -16    1  -74  123  -79   98   44   89   49   -7  -71  -99   62   64  108  108  125   45   11  -25  -12  103  -51  -16   86  -52  -78  -33  126   81   98  -18  -46 -104  -23    4  123 -107  -35   44   15   23   73  -51  -41   53  -71  -44  -30   69   59   86   44 -120  -57    2  -43   -7   97  -45  -54   67   65   28   92  -86  -96   87  -64   -2    3   79 -107  -52 -100  -20 -127  -43   64  -29 -102   -4  -71   70    4    0  -55   89  121  -86  -84  -61  110  109   96   74 -104 -128   33  -40   -2  -92  -89   19  -16  -61  127  -15   24   64   84   51  -68 -115   -7   64   14   66   26    7  109   70   75 
  91   52   43   37   76   43  -58  -92  -86  -22  -53   61   90   14   61  -53  -90   -3  -97   89   57  -84  -45   -7   58 -107 -109  -62 -126   90 -115   93   14   56    2  -38  -29   72   -2   13  -78   73  -53 -116  -41 -120  -41   -3    5  -10  -41  -66   35   42   55  -35   63   75   31   66   37   44   31  -77  -28  -94   13   72  106 -117  -43  -99   84   32  -87  -85   40    1   40  -83  119  127  -21   26   41  -93  120  -23  110   23  -85   19  -60   74   70   40  108  -45  -16   87  -34   70  116  -78  -26  -99  -35 -113   30 -123  -68   22 -123   40  -80   46   75  -88 -105   57   64  -62  -52 -124 -115 -110   44  121 
 -27  -99   80   67   99   68  117  -55   98  -46  -40    0  -41   21 -106  -36  -67  -57 -117 -120  -17  -94   65  -81  -27 -115  -77  -14  -97   96  -21    4  125  -68  -57   96 -128  -68  -87   98   14    2  -29  101 -105   -7  -62  -44   64  -51  -36  -80  -17  -99  -33   84  -86   19  -58  -55  -13   50   77  -16  110 -108  -48  110  -48   -7   81   94  123  -76   67 -110   45 -123  -26  -18  -46   66   30   66   95  125   22 -119   16   93  -46 -125   15  -97  -13   -3  -77   67  -21    3  -67  -68  -31  -72  -16  -91  -53  -98  -86   49   12   -3  -12  -86  -65  -45  -89   85  -35   56   50   47   59  -63   79  -81   62 -126 
 114  -86    6  -81  -26  103  -24   87 -116   51  117  -73  -28    1   52   88   43  115  -84   82   72    9   10   -5  -72  -58   60 -121  -11   -5 -118  -25   37   16   23 -117   -9  127   98    4   50   87   59 -106  -40  -17  111 -125  -30 -101   86  -86   36  -32   37   92   38  -30  100 -101   93  110    3    2   -2 -102   13  117 -103  -16   -7   75  -57  -76   97   32   35   80   35 -123  107   -7  -80   15   90   85  -20    0  -73  -48   28 -108  -66  -97   22   60  -71  -92   49  -46   20  -85  -99   91  -33  126   -5 -125   79  -97 -120   58   24  -72  -54  -14 -114   54  115  -59 -122   15  -38  -60   46  112 -128  103 
-108   49  -71   40   92  -42    4  -68  -44  127  -65  -93  -98  -57   94   55    0  -88  -87   14   94 -100   83  100   43  -83  -88  -39  -98  -88  -64  -78   89   -7   91   54   79  -33  114  -92  -34  -79  -57   -3   -8  -91  -76  120  -51  -35    6  -85   -6  -38 -113  -91    7  -73   -1   37  -33   63   88  -71  -71   51  111 -120 -110   97  -84  -16 -110  -12  109   10   25  -95    3  103   -1 -119 -110  121  -29  -94  -98  107  -39   29   16   57  -35  -24  114   22 -101   97   30  -83   66   75   30   84  -65   11  -34   88   45   97   63  -84  107   82  -91  -50  116  -61  -71  -51   97   74 -122  -66  -78  120   84  -50 
  89  -14   -5   27  -67 -103  -17   -4   37   78  -43  -46   47 -108   -2   26  102   35  105   90  102  -94  -88   71  108  -82 -123  -97  -89   89  -19 -128  -52  104   28    9 -126 -117 -122   39   89  -37  121    9  -17   -9  -93  -42 -102 -116  -80 -128  -81  -40   72 -101    7   77  -70   46   39   39   46  115   16  -54   -4   18  -42    2  -71  -81   93  -78   56  -51   41   92   35   67  104   83   67 -105  -84   11  -77   51  -39  -19  -31 -128 -107 -113  115   37  -38  -17  -73   48  114  -16   95   79   34   24 -100  -53  -12   63 -114  -36   19   81  -12   63  -35   39  -14   54 -108   83   54  -87   98   41   78  -68 
-104 -123  108 -118  -11   76   90 -105  -28  118  -30   88   54  -16  -76  -55  -62   40 -120   31  -49   -6  -43  -28  -51 -117   13  -81   52  -36  -20   76  -31  -40   87   87  -92   49  110    8   39  -47  -32  -35   65   21   38 -125  -67   46   34   13  -88  119  113  -11 -126   -2   37   54   90 -111    3  -68  -23  -38 -109   14 -117 -127 -106   50  -46   -9 -112 -108 -116   54 -105  -55  -27   58   86   13   49   71 -125   52  -58   40  -22  -96   57  109  -36  -94  -57  -17   48  -46  -15   71 -123   67  -66 -107   87  -54   75  111   19  -80   41  -22   62  -38  -79   65 -114   -9  -23   -7   24  -94  -26  116  -60   46 
 -28  117 -128   85   60 -123   24  122 -102  -16  -60  102  -33   87 -106 -120  -63   84  -30  -13   21  -15  106  126  106    2  -96  -48   -9  -27  126   91  -38  127   48 -106 -124  -56 -112  -97   56  -44 -123 -105  -85 -101  -97  -19  112    2   96    5  115   74    4   93  -51   36  -83   68 -119  -84   31  -29  -85  -49   -7  -81   23    9  -50  -48   93  -45  -25 -119  -17    7  -10  -33 -119  -42  100  124  -96  -24   89  -19 -115 -122  -79 -106  -78   80   -6  -35  -97  115   13   55   -3   91 -121  -38  -81  -18  -29   30  117   89  125  126  -81   97  122  -48  -54   83   61  -41   90  111  -19 -116   63  103  -22   95 
  91  119   22  -40   82   29   50 -127 -117 -106   31 -127  111   28  127  -97   -2  122  -17   72   77  -84  -97   39 -101   12   52   91  -12  -98   58  -49 -107  -48   39  103  109  -39  105  120  -17    8  121  -33  -91  121   -2   35  115  109  -21   64 -103   10  -24  -75 -106 -100 -112   10  -70   74   89  -49 -102    0  -74 -121   90  -97  127  -55   40  121   40   77  114  -90  -16  101 -109   91   37  -83  -27 -115  -30   -5  -87  -14 -122  -29  -68   95   50  -42  -32  105  -35  -70 -120  -36    3   48  -43  -84   -3  -57  -46  109  -84  -26   72   82   19  -83   95  117   41 -119  -25   47  -20   35   14  -97  121  110 
-120  -42  -88 -112   50   44   65 -120   88  -66  -49  -86  -84   -4   16  116  -50  -93  -94  -83 -104   75  -74   -1   -6   35  -94 -120   66 -101  119   74  -15  -97   90  -92   75   27  -84   35   90   -5   78 -122  119  -34  122  -59    2 -100  -13   26  103   41 -102  -31  -52  -68  -22 -114  -40  -31   88   73    0   51  109  -52  -50 -103  111  -88   21   61  -82   12 -100  -87   82   30  -59  -59  -72  -83  110  -46   14  -69   15  120  -55  103  -39  -94   48   90   85   30  -90  -93   55 -107  -52  -52   83   -6   89  111   35   43   13  105  112   69 -106   94 -104   36 -103   39   29  -29   14  118    5  -66   80  -38 
  92  118   -3   20 -116   73   96   95  -60   57   78  103  -28  -37   80  -44  -96  102  -77  -72   11  -52   95  -88   47  -19  -98  -76   44  111   14    8  101 -116 -100  113   85  125   80 -103   54   30 -127 -101  121   81  -17 -102   56   34  -46  -61  111  -78  -21   30   31    9   83  -53   -8  -31   84  -34  -19  112  -49  -61  109  -96  -36   36   62  -35   63   56  -81  -82   82  103   81  -92  -86   64  -42   21  -34  118  -98  -79  -63   23   19 -107  117 -128 -122  -60  -61  115  -28   32   23  -93  125  -42   91  -84    5   45 -109  -42   81  -67 -106  -88   82  -12  -98  113   38  -33    8  -71  -11   -3  -71   -5 
  65   -3  -18  -90  -99 -122  -55 -102  -36  -92  -57   97   81  -38  -73   34   24  -51   74  -22   66  104  -37  -24  -56   99   33   61  -32   90  -72  -94  -41   38  -56  -12   44   17   15 -119   53   86  106    6  -80  -94  -88   72  -17  115  -77  -79   91   14   25  -93  -14  -70   96   82 -107 -104  116  -20   63  -68   97  -21   77  -16  -12    2  -58  -33 -120  -10    1  -79  -65  112  -92  -14  -94  127 -128   59  -93  -14  118 -125  -59 -117 -100  -71   -9   91  -10  -40  -58  -61   72   59   70 -114 -102   78    5   27  127   68   11  -93  -74   45  -93  -74  -23  -58   41  -33  -55  110  -22  -27  -89   97  -64   29 
 -70    7   97 -126  -62   39 -111  -36  -11   22  119  -11  -38    2   24   16  -80   59   70   25 -127  -17  120  -53  -35  -30   48    5  -61  113  -94   -3   -8 -125    0   58   42   17 -106  -96  -89 -115   21    1   15  -83 -111   63  105   87  -40  106  -57  -48  -75   36   50  102  -87  118   87  -52  -13  -49  -49  115 -119  122    4  -97 -102   43  -84   47  -84   59   92  -67   -5   69 -107   83   48  -36  -92  101 -128   86   75  -86   76   34  -10  -64  113   69  -77  122   63   56 -103   89  -29  -59    8   16 -127  -27   77   -4  -86   98  -49   90  -66  -13   64  -65  -54   11  -23 -106  -82   95  -42  -97   36   10 
-102  -28  -62  -77  -67   37   -7   70  -75   -6  -85 -125  118  -43  101  -59  -80  -92   57  112  -29 -125   -5   76 -103   41   43  -16   73  -49  122   99   51  -68 -106  113   97   15   55 -105 -119   98 -102  127  -73  127  -59  -25  -93  126  -41    6 -127   83  -46 -102   -4  125   10  -59  -51    4  -88 -128   64  -65  113   34   78   40   57   88   10   83   87   66   82 -100  -87  118 -102    1   -4 -101  -44   79  -74   80   76   64 -106 -103  -59  -66 -102 -123   -3 -117   39  -52   52  -32  -92  -66  -77  123 -128 -122 -104  -86  124  -78   43   -8  -50  127  -57    4   79 -108  -60  101  -83    9  -92  -57   15   33 
 -45  -74  109 -121   23 -111  -59   74 -115  -58   80  -91  -16   76  -41 -101  -59   37 -102   12  -87  105   32  -18   79   78  119  115 -107    6   20  -24   61    2  -17  -44   19   53  -98   32  123  111   69  -21   59  -99    6 -128   66   32   13  108    9  -83  -38  -40  123  -47  -53 -111   88   96   -7   21  -30  105  105  117   30 -121   22   25  118  -37 -124   50   -8   10   50  -69  -86  -65  -89   51  -19    1 -116  -24   82  -41   -7   42  -73  115  -65   25   92  -88   15   -6  -80  -91 -109  -90    0 -105   88  121   33   11  -76   75   74  -37   -2  -73   92   10   32   46   98 -103  -39 -103 -116   24   51  104 
  65  -62  -30  113  -25  -11 -105  103   12  112   96  -83   -5 -108  120  -59  -17   -9   -3  -53 -127  -99  122   99  -74  -45  125  -61  107   48  -85   44  114   14   29  -39 -125   53  -64   16   37  -95   61  -96  -75   54  -27   37  -83   98  112  -82  127  106 -110  -74  -67 -113   -7  -87   63   36   85   49  -78  -13 -118  -74  -88  -54   70   77  -21    3  109   33  -71  -46  -58  -26  -75  -74   21  -76  -95   39  -22  -34   54   99    7  -11    8  -35  -90   58   80  -80  112  120   -6   54   69  102  -70   50    7  -13 -124   77   90  -71 -125  -17  -18  -92 -106   88    3   76   60 -118  -63  -60  -25  -25  126  -73 
  23  111  -81 -111   37  116  119   95   38   -2  -45   43  -53  -83  100  -49   28  -46  -13   50  -85  118   -2  103 -127   63  -85  -24  -90  -87   32   61 -104   79   78   62   68   70   29  -22  -60  112 -107   16  -99  122   95   57  -52  -46  -21   -9  -55  105  -34  -54   40    9   50   78   51  -46   11   75  -94  -38    9  102  -96  -89  -48  -28 -105  -26  116  -75  -32   83  110   44  -90  -38  -92  -17  -61    2   57  108 -116  -21   58   63   62  -58   10   96   32 -108   70   64  -69 -106  -92  -46   -4 -103    7   92  108  -10    9 -110   80   45    1 -109  -81  -70  127  -69   38   58  122  -28 -128    5  -60   32 
  25 -118  -32   84  -96    4  -90   29   29   46   -7   10  -92 -126   28  116   47  -98 -121   95  -40 -121 -102  126   65 -107  -30   65   26   38  -31  -77   48   65 -121   81  -59  -83  -18   99   91  103  -19  127  106 -119  115   25  -89  123   -8    0 -126   19   -2   67   40   97    4  -62    7  101  -11  -72   38   -4 -119  107   41   -9   78    5  -34  -69    4  -56  -59   -8   98  -20  -13  -38  108  -11  109  -21  -72   21  -52   60   87   83   33  -52 -117  -57   72 -108  -78  -14   11 -127  119  106  -68   -5  -78    1  115 -108  110  -26  -17   90   91  -36  -59 -109  114   17   79   73  -27  -16 -106  -16   55   94 
   5  106  -48 -112  107  -57  122  -89   67  -83   41   54  -63   23  -99   48  -15  120 -115   55 -116  127  -56   91   72   45  -52   94  -98 -125   61   35  109 -115   51   88  -43   46 -128 -104   91   41   78 -100  -64  107   77   49  100   90  -24  112   89   49   75   33  -34 -105    0   -4 -101  -67  -97 -120  -54   83   97   31    1   97   55  -36   10    6   -8   74  -15  -59   -5  -43  -97  100  -59  120   21 -111   26  115  -88 -102  -16  -61  -41   15  -52   33  -30  -83  -63   99 -114  120  -65   24   -2   56  -30  112  125   93  -59  -99   65   11 -107  -42   28   47  -54   68   73   58 -120  -96  -55  -44   66   44 
   1 -125   15   15  123   79  -89   -6    7    9  -22    4  -26   47   33  -88  -70   55   -2   86  -26   72   27  -80    2   35  -48   76  119 -110   -8   -8 -107 -121 -121 -111   86  -82   11  -35   55  117   98  -99   36    3  -59   95  -70   68   53   33   12  -48   81 -113  115  -95   91  106  -76  -45  -30  -55  -38  -23  -38  -79   23  101   14  -50   90  -16  -20   -1  116   49  -34  -82  -11 -109   79 -126  -28   32 -111  -41   66  108  -62  118  -65   36  -65   25 -114   26   74   37   -1  -39  116  -38   73  -32   89   61 -111  -73  108    7  -54   59    9   46  -36   26 -122  -98    6  -56 -108   69  108  -45  -34  122 
 109  -87   32  -19    2   20   71  -53  116   32 -119 -123   87  117   12  -95   48 -107   80 -116   47   86  -86  -75  -98  -66  122 -118   18  -39 -123   -1    2   37  108 -124  -71   51  -49  -83  -45  -40  -78  -86  -51   63  -52  126   84 -100 -118    4  114  -75   57 -112  -13   52 -102 -123 -115  -97    5   15   68  -15   19  125  -91   98  -86   -8  -69  -35   35    8 -100  111    6  112 -117   17  -12  125   70  -82 -115  -71   98  -89  -65  111  -57   68   -2 -117  -75 -111 -119  -38  115  -77   83  -82   16  -10   55   44  -27  -67   29  -16   78 -111  -19   20  -65   -6   78  -95   33 -115 -112  104   81   14  116 -122 
  31  125  -31   19  -80  -76   65   65   42   -8  -19 -113   54 -118   -1    4 -100  108 -103  -37  -26  103   -3 -121  116   13  112   69 -100  100   75   59   97  -84  -50 -111  -32 -112   82 -118    8  -64 -103  -66  -54   24   67  -26    4   92   66  106   67  -65  114   55   76   98   -4  104   70  -57   36   39  -12  114   56   84 -126   11   95   11   75  120   73 -107   17   12   -4 -107  -24  -66 -128  -85   -3  114   98  -55   84  -34  -78   26   38   86  -63 -102   72  121  110   75    4   77  -42  -49   70  -97  -27  -41   44   97  -20 -108  -97  -20  -64   28  -34  -94  101  -78    1 -105   76  -89  109 -115  -63   54 
-121  -81    1   11  125   87   91   67  118  -64 -102   34  -95    6   55  -64  115  119   92  -47 -103   65    4   26   89  -48   65   70  -34 -126   -4  -27  -78  125  112  -81   84   75  114   75 -117 -116  -19  -84   18  -92  -20    5 -101  -56   87  -75 -118  -37   79   99   43   17   41 -119   19  -90  -18   69  -93  -33  116  120  -86  102   67  -74  114  -80  -30    5  -43   79 -118  -16 -105   97   37  -95  -68  -11 -124  104 -122   46  113   25   84  -32  -33  119   63  -45  111  105  -70   50  -97  -84   99    2   49  -72  -47   60   40  -24   29  -50   10   90   67   14   66   73  -68   51  -30 -112 -109   65 -120   82 
-107  119   60  -49   42   91   -5   13  -35  -83   69   46  105  -19 -105    6   59   33  -32   -2  -81  -94  -57  -20   86   42   -4  105  -21    4   60    0   -4   -8   79  -90  -45  -53   51   49   -8   -8  -33  -31  101  -10  103   33 -105  -56  -97  -57  -22  -25   51  -64 -111  -81  -86   -4   52  102  125  -80  -34   76  -42   49 -105 -119  -30   15    1   66  112  -26  -72   88 -121  -48  -96  -89   23   10   14  -54   75   31   -7  117 -101  -83   91 -104  -35  -71  101   51  106  124   60  -51   12  -67 -113   -4   36  -57  -44   43   23  -12   82  -82  127  -32   -8   74  127  114   63 -101  -97   26  -77   -3   83 -104 
 -80   61 -107  109 -118   33  -86 -103  -99   78  -31  -14   -6  120  102  -52  -89  101   45   31   47   44   17  -18   71   49 -120  123  -82   91 -109  -34   25  -88  -53   35   73  -10   61  103  -60  -98  -39   62 -106  -65 -117  -67  -91   56   93   84  -28  -18  -61  -84  -97  -53  -89  -51  -89  -70   44   64  -29  119  -29  -84  -19  -96 -109   50  -66  -20  -16  -43   44   -5   18   81  -77  -17   37   24   94  104   68  125  -76  107  -53  -37  -91  119 -101    8  110   -2   53  -36   31   72 -114   93  -75   -2  -78   97  122   69   50  -83  -76  -41   69 -110  -64    9 -112  -12  -12  -37   79   26  -46  106  -94  -64 
 -24   87   28 -121   32   42  101   85  -87 -105   54  -93   92  -24  -48 -111   63 -106  -93  127   31  -77  -13 -108   14  -62   46   96  -84   80  -95   21   40   61   28  -56  -24    1  -99   17   25   83   52  -11  -69 -124    6  122 -102   42  122   58   93  -19   78  -20   48   -4  -52   92  -52  -19  -15  116  -85 -114  -68   19   15  -39  -92  -88  -84   88   30  -25   92  -92  -30  119   78  -36   49   44   73   -1 -104   -7  123  -28  -42  -57   82   71  -68  125   85   -8   16  -27   82   52   13  126   12  -85  -26  -24  -48   72  -33  -98  -92 -112   74  109   15   98  -25   10  -57   61   82 -103    4 -114 -106  -38 
   6   38   63  -40  -38  -52  -41  102   -8   61  -50   72    5   46  102   41   62   49   22  -50   19  125   88   90   58   42  115  -65   56 -119   25  -65   47  -40   23 -119   36  110  111 -100   43  -66  100  -80  108   75   89   42   -4  -16  120 -113  -19   81  106  -88   -5   93  -25  -76  103 -128  -13   22  -40 -118   32  124  121   15 -103   36   77  125   85   57   72   46  -28  -60  -98  -36  -44   12  -83  -66   52   41 -101 -101   93 -126 -101  -48   25  -13  -38  -71  -17  -45   72    8  120   22    6   77  -49  -50   -5   51   19   26 -112  103  -90  -67  -91   90  102  -64  117   67  -61 -112 -109   92    3  -18 
-107  114   65   93   -5   57  -13 -127    6   67  -49 -126  -10   98   28    6   73   66   68  110   28   42  -81   17  -18  -14   33    1  -50  -92  111  -29 -106   49  -64   17  -22   52   18  113   -9   98  115  109   68   15  -12   14  -47  -72   -4  109   98   43   -2  -48  -99  -97   82  -21  -61   65   78  -39  -14 -113  107   93   67   -3   78  -70  -33   65  -89  -92  -48   27   50   33   83  -82   14   54   90 -116 -122  119  -85   88  -29  -18   26  -79   71 -116  -64   50  105 -125  -80   55  -67   15   -8  -27   51   72 -128  -27  -23   84   20  119   10  -18 -125   16  -27  -82  -23   72   28 -125  122  -28 -113  -70 
-106  121  -66  -58   48   -5   86  -87   96    9  113   97  111  -37   53    3  -46  -65  113  -42   79  -42    4  -72  -97  -95  -69 -103    5  -53  -45   27  -60   17   98  116 -115   56  -99  109  -63 -113   78  -80  -22    3   51   60   66   36 -110   18  123   23   74 -102   56 -122  -77  -67  -47    6   88   21 -104   58    9  -91  -14   39 -110   52   54   97  100  -96  -28   24   92  -89  -68  111   57  -73    6    3  -47  -66    9    4   -5   90 -117  -45  -17  -93 -114  121  -56    0   32  -38  -76  -42  -69 -103  -10   32   49  -46   71  109  -63    0  -91   71 -125  -10 -123   13  123    0  -25 -122   84   87  -87   98 
  80  -15  -30  -16   75   23   70 -121   48  -68   39  -31   14  -18  -50   80  110  -13   23  113  106   29   -2  101  -99  102  107  113   61 -108   83   13    5  -74  125  -48   77   67  -41   -3  127  126   94   13  -20  -84  -35  -38   32  117  -52   10   18   74  -17   47   48  -38   33  -19  -18  -12  122  115   42  119  -61   -9   58   27  116   57   25   82  -57 -122  127   36  -32   31   25   44  -87  -85   -9   24   91  -89  114   -4   21  -32  112   15  -45   27    7   22 -110  -63  -79 -121  123   75   89  -62   81   88  102  -79   -9    0   94   32   43  -43  -72    6   -4  -86 -126 -111   10  115   33   93   14  -88 
 -12   32  -23   37   39  -28  -16    1   38  -63  -39   13  -13   81 -115  -47  -15   56   38   42  -65  -94   84  -63  -76  -33  -76   85  -68   66  125   48  -29  -26  -42 -118   75   70   11  -15 -120  101  126   -5   54 -117   76  -89   68  -14   81 -125   20   38  -60   72 -123   -7   29  -63  -69   26  114   30 -127  -56   41   76 -114  -76  -67 -106 -103  -68   17   79  -57  -35  119 -117   79   72 -114  -28  -18  -45  -84  -13   76   74   53 -121  -28   39   38  -27  111  -49  -79  125    3  -17 -108   29   43   37  -20  114 -125  -29  126   82  -84 -116  -74   26  -33  -29 -114  -85  -83   67  -77   17  -22   89  119  -39 
 -88  -88  -42   43   23  -22  -56  -62 -112   53  -75 -109 -104  -77  101  -60  -65 -100   95   31   -1  109   74   44   48  125  -67 -102   86  -76  -13  126  -35   73   42  116  -76  114  -73  -60   39  -20  -41   64   31  -68 -124   94  -40   99   -3   87   80  -56    3    0  -59   65   26 -100  117 -115 -102  -46   87   68  -57 -117   55   -2  -49  -34  106   38  -98    9   98  -93  -25  -69 -122  101 -110   87  -83   22  -41  -14  -41  114   14  -52  127   41   31   86  -19  102   97  -92  -28  -80    3  -50   86   33   87   57   68  -66  116   75  -93 -122   34  -48   28  121   67  115  107  -47  -64  107  122   95   65  -24 
  69   35   12  -87   83 -113   -9   42   49  -50  -29  -11   12  -41  -64   48  -35   98 -128  122   92   67  109   71 -107  -83   50 -113 -116  -12   -9   81 -105 -124  122  106 -109  -15   20   68   63  119  -70  -52  -50   -6  124   44  -35  124   38  -71   64   19 -128   85   65   51  100   77  -89  -36   31  -66  -32   25  -88  -13 -117   61  -72   74   52  -14 -106 -125  108 -110   47  -55 -113  -43    2   79  104    3   36   41  -74    8   -9  -35  100 -106   27  -60   47   67   56   58    0  112    5  -75  -30   27  -72  -50   46  103   24   61  -68 -102   12  -92   29  -80   78   83   56  -59  -80   29  -37   75   97 -118 
  15   25   69 -113    9  -54  -60  107  101   -4  -70   19  -29   82  -48   31  108   92   68   10 -116   18  -35   69   87   14  -30  -78  -39  -61  -68  104   93 -127  120  -26  -53  -68  -46  -79   57   12   68 -100  -34 -107   60  -54  113    0   84  126 -110  -78   67  105   64  -91 -101 -103  -24  -41 -126  -59  -39  122   44   36  -74  126   85  111   10   26 -116  104   47   72  -78   32  -56 -121   30  -38  -71  -31  -61  121    6  -34 -110  111   53 -108  -76 -114 -114   96   51  -59   94    8  -76  -24  -94  -64  -48   81 -120    3  -14  -48   10 -112   42   67  -14  109   60  120  -53   78  103 -127   99 -100 -113  113 
 124   66  -74   91  -53  -21  -61  -19   43   20  -65   52 -105   49 -124   33   65   47  -28  -77   28  -96  -84  104  110 -109  105   81  -81  120   67  -84   59  121 -121 -122  -28  -54  -13 -112   94   50   68  117  -29   72   22  -91   -9  122  -40 -108 -102    4  124 -119   24  101   90   71   93   29  115   24   23  122   30  123  -59 -110 -117  -93   68   79 -103  -88   24   47  -51 -113   42   37  -93   68  -86  -97   77   66 -124   40    9   98  -59   -3   -6   92   -9 -103   88   60  -85   99   96  111   51  121 -105  -53   40  -28  -38  -46 -118   -2 -105  -76   29  100  118   34   12   -1    4   82  124  126   46  -12 
-105    6  -80  -62  -22 -112  -78  -99 -119  -55  -24   50   46   66 -124   56  -64 -101  108   94 -128   98    0   12  -31 -124  -34  -34 -126 -115   82 -102   19 -126  -36  125 -109   14 -102 -100   88    2   78    6  -59   83  -66    5  110  -86  -29  110 -116   99   -5  -19  103   89   75  106  102   29 -124   -6   32  -32   -9   51  111   18   79   71 -108   30  -51  -39  -15   11   95  -33   53  -62  -50   65  -90   73  -82 -115   34  122  119    9   23  123 -125  -73  -36   -6  106  -53 -116   58 -110  -95  -40  -33   -6   73  106  -39  -88   31   28  -10  -32   66  -65   14   79   98    8   71  -21  -96   66  -18  -41  -98 
 104  -62  -23  117  124   -5 -106  -44   90   16  -99   68  106  -59  -29    6   60   67  -56  123  -46 -105   93   90   94  -56  122   33   54  -46   63   31   20  -87   20   16   36   42  100   -1  -70 -127  -61  -92  -58   39   42 -126  -22  114  126   60 -118   91   23  104  -92   17    9   90   99  -55   -7   -9  -14 -115 -121 -106   55  107   21  114  108   89 -106  -77    0   65  -75  106   51  -77   39   61 -113  -66   38  -77   79  -81 -115   51   -8    7  -86  106   20  -78 -127  -52  -99   22  -66 -118  -17  -44  -67  111 -107  -14   90   73   38    1    6   53   63  -84  104   14  -36  117  -63   84   -4  -20   63 -111 
  30   64  -35   59  -42   27   69   70  111 -126   53 -123  -11   15   78 -101 -112  -44   80   79    1   56  -34   93   45   31   49  -86 -117  -16  -69   41  -80   24  -27    7  -77  -86  -51  -94  -83 -126  -89   34   18  117   61   34  -54   13  -14   75  -59   80   40  114  -17  -39 -100   -5   74  -41  -92  122  111    9    1  -94   52   78  -59   97   81  -20    3  -29  -30  -64 -123   44   77   -9   -9 -110  -57  -97 -124   55   -8  -95  -78  -62   -8  -42  -67  -24   96   62   10   20   13   79  -11  -34  -68  120   65   30  -72   70  -54 -123  -66   65 -105    5   96 -101  -68  -40  -68  -18   27   53   69   88  -99   37 
  22   39  -71  -93   -9   46    1   51   38  -62  -47   94 -119   27   99  -57  -36  122   76  -68 -107 -119   20  -46   -9  -81 -121  -68 -121  -92   97   30   75 -102   65  -62   72  -61  117  -18    5  -58  -52   14   97  -81   85  -67  -87   34   -7  -65   43 -114   17  -94  -67   24  -33  -59   60  -64   99    7  -37   36   74  -93  103   63   18  -19 -122   94  123  103 -114   81  -91  -73  -13   30  -10  -98   44 -121  -64  106   31   31  -81  -37   96 -110   99  -69   54   45  -34   30  -20  112 -117  -14   79 -122  -38   93   87   -1 -108  -54  -99   11  -24   74   18   41   52  -78  -56   99   13  -88  117  -16  -29   43 
 -99   66  -55   10   50  -44  124    1  -37  -42  -34  -78   85  -13   -3  115  126  101   61   16   14  -15   66   87  -44  -48  127  -55   64  -29  116   94  -91  -66  -24   87   18  -28  -39  109   59   55  -96   16  -86   29    3  -88    2  -64   57 -111   49   -5  104 -123   75  103  -50   12  -54  -61  -22  -17    1   82  -57 -109  -74   32 -127  113  -41  -95    2    2   62 -123   42  -64  -58  -29  -47  119   95  -71  125   42  -95  -53  -74  -21   14   32   91 -113  -14  -94  -93   41   66  -92   26 -103  -59 -100   27 -125  -94  -58  -61  -24   41   21  -33    8   78  -36  -77  111   40  -23  -37  -74 -118  -74  -58   -4 
 -40  -23  -91 -102   13   64  -77   82   92   79   85  126 -107 -104  -26   62   45   70  -57   -4  -94   -6  -21   74   99   70 -127  109  124  -57  -22  -44   48   15  -18  -67  -49   34 -113  -84  -15  100  -86    6  124   17  -60   42  -41   11  -90   -7 -123   17  -60  105  -40  -59   86  -44   12  -64   41  -68   80 -105   -7  -97   57    8  -53  -86  -20  -10   48  -24 -121  117 -110  -34    0  -72   87    6   74 -101  -17  -94  -32  -59  -10  108    6  -97  -88  -42  -73   33  -11  112  -87   65 -101   21  -73   75  126  -66   64 -112   28  -63  -55  -13   71 -109   15  -74  -75  111   -5   43   92 -127   75 -124  -41 -126 
  38   77  114   79   14 -115  -27   69   89  -29 -125   25  -13   31   90   60 -110   33   79   33   87 -124   17  -45   48  -19  -44   -5  -15   44   -3 -105   -7  -17  103 -121   -3  -52   76  -42   47   79  111  -94  -18   74   95    0  -21   46  -94  -61   51   51   22  -29  -96  106   94   17   22  -37   41 -113   74   16 -106  -57   92   98   29   11   49   13   45  -97  -41   12   32   66  -69   66 -123  110  -11   27  -47   21    6  -81  -90 -100   10   79  -84  -44  -33  -62   28  -69  -91  -71   70   86   70  -12  118  -99 -128   22   96  -69  -40  101  -87   77    1   -6  -30 -121   41    8  -93  -77  -40  -49    8   55 
  18  -92  115   55  -35   57   13  -92  -83    3  -63  -82 -103  -95  -23  -15 -121   19  -66    8 -115   32   15   55  -87   50  106    1 -126  -14  -72   20   22  -85  -53  116  101   88 -104 -110  -36  -39  -64  -11   -5   42  103    2  -67  -91 -118  -54   70   25 -127  111  -53  108  -16  -51  -34   40   97  117   84  -84  105   57 -123 -127   75  -31  -38 -116   86   85   54   61  -41  115   99  -31  -67   41  122  -65   24  -58  -85 -120   19    9   48  -11   -2    4   33  -25  -67   38  -24 -119 -121   67 -107   94   24   75   27  112   62   -2  -47  123  -89  -52  -70   63   18  -27   71  -91  111   -8   26  -19  124  -68 
  85  -70   98  -67  -61  106 -128  -40   72   25  -93  -29    9   97   98   90   92 -119  -90 -105   73   56   -4   16   94  -21 -120   -8   89 -123   52   46  -65   23  107    2    1  108   90  -55    5  125   44 -114   94   14  104   58   24 -113   81  -31   71  -50  113   37   57  122  -98   18  127   82  -64  -66  -23  -84   64  106 -104   26  -77   29   23   96   43  -11  -18   19  -81 -122   34 -127  -25  -22  -49  -39 -113 -120  -45  -83   27  -46 -128   91   16  -23 -121  -48  -44  -97  106    7   60    1  -25  -25  118   86  123  -91   92   29  -90  -60 -121  -11   29 -105   -2  112  -60 -103  -62  -60  116   82   46  124 
 -94 -126 -101 -116    9   88   13  113  -65    3   71  -70   40   35   88   79  103   95  -60    4  118   66  -12  -69   91   54   -1   80    8  -83   76   42  -81  103   54   57   63  -61   42  127   70  -15  -71  -17 -108 -111  -66  124  113    2    0  103  -59  117  -94  -96   43   34  112  -76   79   60   94  127   36   21   56  -29   88  -30  -30   31   83   28 -114  103   45  -52   99   30   78  -28    6 -109  -39   40  -76 -124  -54  -92  -72 -102   97 -105 -103    5   44   81  104    4  -77  -53  -93 -122  103  -79  109   20   -3   81  -77  -52  -75   57  -33   14  -31   19   18   44   56   75   70   25   98   95  -98   14 
  48 -122 -110   99  -47  -74  105  -72  -25   86   77  101   39 -128  -79   92   57   16  -22 -102  -92  125   70   92   72   12  -11   42  -21   19  -72 -101   25  -54  126  107    0  103  -93  104   62  112   77  -27  112  126  -62   41   14   44   68   50   41   10   14  -15 -105 -125 -101    2   22  -45   30  -80   30   28 -101  -98    4  -66 -122  -62  -81   83   39  -97   81  105   73  -32   22   13 -110  -65 -105   33   49  -82   36   76   49  -69  -96  -49  -21   62  107    6   92  -17   68   99   49  115   54  -39 -109    8  -62   92  104   88  -23  122 -104    0   27   73   47  -64   21  -32   -5   53   47  102  -13   26 
 -20  -48 -118  -80  -77   59  -92  105 -108  -73  -15  -41 -109  -39  -81   -4  -44  -57  124  111 -112   43  -81   38 -117   42  -37   58   16   79  -43  124  -97  -33  -83  -46 -102  -47  -69  -81    8   45    6   27 -122   53 -105  -38  125 -109  -54 -115   63   -7   51   74  -92 -113    5   52   94   90   49  125  -71   94  -49  -45  -81   10    2   55  -73 -120  -46  -66   62  -23   24   59   -4   98   72  -69  -36   -4 -122    0   11   11  -76  -23  -27  101  -26   30   67   53  113  114  -65  -12   41   -9   -4  123   53  -70  -28  -51  117   97  -80   62 -100   12  -70  -94 -116   69   45  -64  -82 -110  -90   20   48  105 
 -55   34   92    8 -106    5  127   18    1   52   77  101 -126   66   70  -78    0   99   62   58 -123   74   -1   51 -118   45   69  -80  -63  -10 -102   10 -104  118 -109  -82   -5 -110   64  124   71   13   98   73  -48   40  123   80   11   57   11   17    3 -118  -60   13   56 -119   62  121   -1   88    4   23   78   23   69  -55   41    6  -58  -16 -109  -88  -71  -29   80  -76  -76  -36  109   63  109  -16   73  -79  126    1  -70   60   -5   58   20  127  -47  -30   22 -105   43  -65   29  113   48   48 -103  105 -108  106  -98  -56  -58 -117 -121  -77   -4   80  -28   -6  -46   30  -74   77  -40   74   76   42  -84  -30 
  65   87   33  -34   73  -47 -114   98  -69  -94   76  -39  -22 -110  -28  -15  -59   96  -62   41  -38   20  -56   16  -31   32  -38  -83  -54    6   15 -117  -34  -80  -23  -89    2   -8 -119   61   26   86 -106 -123  104   -6  -10  -82  -37   56   87   53  -52  -97  -58   45   64   32   90 -118  -89  -23 -106    5   26   -1   44 -100  119   53   89   18   11  111   23  -12  -23 -115   34   68   70   -7   -6 -110   25   64   64  -39  -32   26  -29    7 -124   -7 -116   30  121   56   58  112  -18   19    2  121    2 -103  -19  107  -89 -113   48  109    9  -86  127  -94  106   63   -5  -54  -38   94   82  -34  -40   94  124  -47 
  23   54  -63 -123  -55   68  126   75   93  -20   54 -124   -5  -26  113 -124   16  113  -90   -6   48   33   69 -118    0   23  -24   88  -11  -28  -87 -116 -102  -22 -111  -29  -82 -112  -82 -116   -4  101 -112  119  -53 -126  124   92  115  -94  -42   35   68 -101   46  -60   50 -106 -100  -88   -5  -59  -76   21   47  -58  121   94  -42  -89  106   82 -116  122   73  -40  124   69  -76  111  104   10   19   44   38  -63  112  -40  -41 -116    0   82  -47   53  -24 -128  123  -31   94  -47    8   72  -93   21   67  108  109   63   50  -95   47   26   43  -62  -58  -47    3  -74   42   90  -62  -86   45   19   95 -107   19   90 
 -10  -14  -85  126  -70  -50   19  125  -69    0   61  109   33  -20    7  -51   46   77   30  -79 -125  -56 -117  -59  -13   56   88  -46   77  -21  -83  -61   93  -40  -62 -104   39   85 -107   98  -42   82   79  119  -66  -42  -60  108  -93   99  -99  -90  -85  -87  -21   30   97  -61  113   47   46  -98  114   12  -10  -76   36  -99 -118   57  127  -32   12   78  -41   74  -92   28   55  -57   -1   84  -19   42  125   88  -55   95 -101  -70   14   74  -40    0  -42   78   53  122  108   63   51  107  -97  -65   58  -10 -118   94 -110   65  -90   17   21   19  -68   19  -20    5  -14    7   63 -128  -47 -105    0   39  101  -75 
  33   81  116  -43   61 -109   20   -9   10   30  -43   28  -33   -5  -82  117 -113  -22    8   -5  111  122 -126   46  122  -44   69   -6  123   42   48   29   -4   36  114  -71   56    6   48  -62  -91 -123   94    4    1 -116   -7   16  -10 -127 -117  -27  123 -115 -109  117  -31   88  -16  -35    3  -96  122  127   68  108  -72   -4  -14  104   62   23  109   29 -100  -18   41   21  126  -96   23 -119    5   18 -105   25    8   -8  -15  120   85  116 -104   79  115   92   59  -85  -39  -82 -109 -105   69 -127   52   97  -17  -34   -9  -18   -2 -114   -9 -125   32   14   28  -88 -121 -114  -96   92 -126  -72   44  118 -107  -25 
 -95  -18   21  -75    5  -37  -74  -70  -68   37   24   51 -109 -106   65   11 -103  -30 -103   54   10  -96   68   43  125   70   99   41   60  120 -112   94  -26   38 -109  108 -127  -55  -90  -67  110   62  113 -126   84   50   13  109 -108   38   35   31   71  -25  -54   68  -82  -83  -19  106  -90   -3   72   12  -93   91   -8  -92  -92   30  -30 -109  -36  -45 -107  -80 -123   34  -98 -102  -56   65   57 -113  -87 -125   83  -41  -80  -64  -63  -42   62 -118   99   97  101  -37 -122 -118  122  -24  -99  -42   59  -78    7   64   84   37   90 -100  -26   19  -84   15   22  127  102   71  -64  -88  -99  126  -78 -128   95 -105 
 -36  101  -95  -42  -51  -66   44 -120  -16  -77   73  -60   88   35  -31  -65  -73   13   78   77   12   53   20   76   93   50   74 -113   50   42  -90 -114   15  -56  -28   93    6 -111  101  119  -60   46  -69  -99  -46   28  -36    9  -87  -86  -42   54   95  107    2   60   29  -51   75  -49  119  114  -34    6  -70   66  -29   64   83  -55   55 -104  119  115  -75  -55   15   17   82   57   59  -87  -17   27 -108  113  -41   49  -66  -93 -128  -75 -107  -34   60  -49  -95  -97 -113  116  -24   71 -116  -32   58  -63   41  -55   82   -4 -126   14   37  -15  -87   57  -29    0  -22   33   35  -22   87   56   73   19 -121  106 
  50 -105   94 -101   94  107   -5   24  -84  -92   97  127   32  100   13  -59  -43   54  126   56  -74  -24  -38   90   83  -79   18   28   68   26    6  -10   49  -28   17   15  -49 -116  -89   -4  -79 -120   -5   81  108 -120 -105  -62   62 -107  122  116   -2  -44   78  -47    5  -31  109  -55  123  -13   64   44   87  -47  -69  -89  -34  -30   35   15  -22  -98  -32  -41  -90   -9   25  100   13   19   88 -117  104   39  -36  -19 -120  -55   55 -125   60   -9   47   19   72  106   58  -90  -52  -35   53   54   -5 -106 -115   33   13   38    5 -102  -70  -34  -91  -94 -123    1   15 -115   74  -58 -112    6   61   63 -102    6 
  41   84   44  117  -78  -30   43   45   -8   57  -49 -123  -33   84  -96   25  -78  -59   59  -73   71  -53  -60   17   17  -44 -104  -49 -109  -78   85   60 -122    1   49  -72   99  -35  102  -37 -106  -75  -31  -11 -119    1 -113  -68   70   74  -13   13 -107   56  -97   39 -116  -73  118  -96  -23   75   92  -17  -52   14   40  -80  107   14   11 -127   67  108  -10   76  -19    5 -120  -76  -48   -4   65  -27  -76   96 -116  -64 -105 -126  -32    0   77  -67  112 -102   75   24  -54   54  -90   85   55  105   66  -83   53  -81   51   62  -29 -125  -70  -91  -24  -18 -123  -11   46  -99   -9 -113   29  -59  -52   13  -33 -105 
 -91   41   77  -53   -2    4  -76  -64   49  106  -16  -28   40   83  -25   98  120   80  -48  126  -59  126 -101   60 -115   56 -127  -39  -58  -32  -16  -21 -119  -67   55    8   65  107   72  -13   85  -72   87   -3 -116  -65  -33 -124 -113   47 -126  -44   46  -99 -112   59   86 -110 -107 -100  -14    5    7   -4   67  -66 -124    4  -86   76  119  127 -123   79   -3 -111 -114   92 -107  -99   12 -104  -15  -70  -75    1  117 -117   19 -118  -89 -122   16   47    2  -45  109    6   87 -105  -46   79 -105  -41   30   20  -24   44  -16   -2   73  124   22  -70  -74   75   59  -84   87  -49  -74  126  -43   70   45   87 -103   27 
 -35  113   50   47   64   73 -121  -34  -35  -17 -118   78  109   83   74    3 -115 -127  -49   72  -83  -90 -105  -29  -92  -20  -86   82  -61  -61  -19   32  -76  -97  -48  116  105  -41  -46  -58   70  -36 -108   52  -81   95  -73  -68   96    6 -123 -115   44 -100  -16   81    9   26   35   76   94 -112  -19 -110  -81   61 -121 -104 -108  -39  -33   90   54  -13   14  101  -46   70  -94  -78  -52  -89  -65  121  -61   48   74   76  -54  -19   25  -88   -3 -122  -69   44   67  -62   69   87   27  -92   49  -47   23  -64  -73  106 -122  -39 -100  -46    0  -36  -53   67 -116 -107   16  -42    2  -87   -1  127  -81   58   44  114 
 124  -15   73   23   21   -6  105  -84   58  -96 -106   64   -7  -77 -109  121   15  -34   60   27  -12  -52  113  118  -11  -16  118   36  -86   34   22  -90 -109  -33   62   40   90   39   84   20   71  107  -43  -64  -98  -24  -71   45   70  117  -56  -70  -62  -71  -79   55   42  -89  -36   84   73  114  123   92  -46   57    4  -84  -32  -40   64  -89  -61 -107  -25  -31   -3   32 -114  -60   21  -42   -2   87   16   47   15  -70   86  107 -114   31   93 -119   -5  -81   66  127  -37  -94  -40 -100  -55   27  -79   48  125   47  -48 -117  115  102  -30  -15   61  114  -95  -52  -84  119  -73  -70   23 -107  -60 -110  -60 -122 
-110   32  -87  -22   60  -14 -123  109  -93 -126   28  -13 -114   15  -39  -16 -127 -105  -30  -94  -29   14 -103   27   72   48   48 -116   67  116 -109   85   20  -68  -65  -48   46  -60  -66   81  -57   90  -59  -43  -22   30   69  -21   53  -89   13 -103   53   38   52   -3  -41  -28   10 -102  -40   29  111  109   89  -82  -67    7  -14   -5  -39   57  -42   30 -114   64  -68   83  -85  114  122   56 -117   47  -34   63  -83   53  -93   55   79   -5  -44   62  -24  -83  108   38   52  -33  -95 -115 -104   -9   43  -89  -73  104  122  -30   90  117 -102  101   36   -7   36   81  -82   71    8  126  -62   92   60   43 -119   41 
 -47   62 -120  -14   75  -96  106   -9  -57  -95  -33  -62    4  -71  -73   30  -98   91 -105   66   45  -58    9  -75  -60   75 -110 -128  -10 -101   41   71   89   49  -70   37   82  -92 -100 -103  -59   -5  -37   73   52   18  -24   82  -18   -1   20 -101   69  -99  -48 -119  104  -30 -118  -33   -2   51  -90  -41  -27  -32  124  -73    4 -104  -48   74   19   44   19  -57  -66  123 -103   44   -5   45   71  -64   74 -104  -54   51   -6  -44 -110  120 -121  -72  -48  -20   25  -52   35  -99  -27  116  103  120   32   -5  -64   94  -10  -39   11  113 -121  -46  -78   81  -22   -4    4  101   80   22   93   87   79  -83  -60  -24 
  -6  103    5   95   91  -19   87   -5  104 -105  -38  -34  -15  101  -48   -8  -73    2  -55   34  126   78    7   78  -28  -28   37  -77   18  105   27 -116   81  -95  107   44   14   66  -88  -10   90    2   84  -53  -25  -92   67   30   38 -116  -64   36   90   71  -14  -65  -84 -104  -14   62 -127 -114   74   82  -81   53   -1   61   -9   39  -77  -47  -87 -121   28   16  -84  -33  -82   82  -20  -17   -9  -58  -74  105    5  -30 -127  120  -96 -125 -122  106   85  -75   31  -44  114 -105  123  -91  -24  -92  -84 -123   52  -40  -28   99  -85   80  -46   34 -105    8   11   28  107   13   20 -117   16   26  118  -27   79   21 
  58   65   44   53  102 -107   90 -109 -102   14  -21   -2  -15   22  -49   67  -72  -26  -52   68 -126  -73  -47   23  -62   97  -79  -72  -58 -127   78 -128   66   -6   54   41   15   16   60   41  -98  -89  -88   16   62   -9  -45  118   93   31   58   95   86 -117  -10 -103  108   40  -47  -77   41  -97  -77  -21   26  105 -108  -87   -7   80   83   24  120  123  -88   54  -14   -5   44  -49 -101  -25  -82  113  -14   37 -118  -33  -51  -36   18  118   -5   69  -31 -107   47  -10  -65  -88  -58 -110   64  -66 -115  104  116   -1  -28   33   78   -1 -120  124  -16   -6   33   -5   89  110   87  -21  100  -46  -79  -58  -24   96 
  60   39 -120 -126   57   73  -63   70   49  -75  -59 -107   86 -109   20   94 -113 -123  -39   49    0  -78   31  -41   30    4   41   79   74 -111   47    6   56   55    8  -15    0   73  -73  -78  127   -4  -57   85   15   92   52   31   97 -115  -48  -31  -65  111   56   93  -13  -31   44  -67  -13  -37   67  -85 -109  -52   29   19 -107   84   69 -108  -47 -115  106   96  105   30   -1   74   43   79  -85  106   63   99   72  -78  -60  -12  -16   55   80  -77   99   99   -1    0  -10   21  -44  -68   41   37  -55   19    6  -78  -79 -123  124   92   85  -89   71   20 -118   15   70  -50 -125  -74 -122   83  -22  105   54  105 
 -23  -83   -2   61  -23  -88  -29   50   59  105  100  109  110   96   73   67 -121   16  -41 -111  -97  -98  -33  -93  -44  -27  118   62  -50   45   40   55   90  -90  -11  -61  -50   88  117 -118   65   89  119   47   57   64  -13   64  -47   74   81  -16  104  -80   19  -67   22   10  123  100  -73   35   28 -111   74 -111  -44 -104  105  -55  -94   42  -94 -103  -39   91   90   76   27  -85   23  -20   27   -1   28  -81   60  -78   57   56 -105  112  -37   51 -127  -91   68  -43  -66   45   30  -32  -41   64   -6   48   27  -44   -3  -74   -1 -108   34 -102   19  -66  -55  -48  -15 -126 -120    8  114  -29  -69  115    9  127 
 -56   71   44  102  -89 -125   38   33   51  -63  117  -80   -9  -12  -60 -103   15   88  -40   88  -88   73   91  -80  -47   77   19   12   65 -100   11 -119   99  -73  112 -117  -70   22   44  109   88   34  -98  -49 -106  -30  -23   37  -70   65   -2  -30   10  -39   18   91  -90  -90  -25  103  -62  114  113  -90  -87   97  -79  -29   -9   93  -48  -49   -1  -18   31   22   81 -120  -69 -117   73   57  -18  -45 -110 -128  -82  -71  -90   21  -96  -23    7 -111   15   48  114   64 -109  -22   29  -29   57  -99   82  -40   51   35  -32  110   46  -87   40 -100   -4   58  -99   42  115  -61  -65 -108   44   70  -91  -69  -10 -104 
 123    9    2   25  109  -69   54   63   20  -23  -30  116  -41 -112  -98  127  -83   26   58  -54  -59   45   13    4   65  -70  -53  103  -11   65  127  -15  -53    1 -118  -72   60   64  119  -48  -87  -39  -59    0  -23  -29    0   22  125  -70   96  -62  103  -18   71   41   40 -110   16  -99   83   15   14  -98 -112   24  -42   76  -40  -51  -99    1   38  -30 -126 -112   69    2   38   66   60    7 -123   35  117   76  -52   29   94   92   58   49  -21  -55   80   -5   97  -90  -56  -70  -12  -27   59 -102   71   61  -86   12  -65   81  -50  123  -40  -45   31  -51  -97  107  106  125   72   36   47  -77  109   -1   47   79 
  37  119 -119 -103  -36   68  -76  -93    2  -34   47   65  -81  125   61    7  -47  -36   84  -16  -57   62  -18 -113  -29  -99  -61  -48   28  114  -97  -63  105  -88  -37  -59  109   15  -24  -17  109 -105  -80  -99 -108  109   36  -27  -55   -7   86   17  -73  -60   32   26  -31   99  107  125   85 -118  -66   62  -77   25 -125  -96  -88  -21   15 -106    2   63  -77   23   45   87  124  118  -48   82    7    8 -106  -88  -94   -9 -117 -115  -12   97 -104   51   31  -53  -52   35  -21  -11 -114  122   11   17   57   62  -88  -26   21  -92  -35  102  119  100  -18 -115 -116   16    5 -104   30  121  121   54   44   24 -127  121 
 -69  -20  -18  -54  -26  121   91  -97   55 -125    6  -52  -89   99  -78  -98   71   32  -84   84  -79   49  108   79   42  101    5  -41   -3    6  -48   57  114   62 -125  -40   55   94   -9  -18   97  125   58 -120   96  109  -89   40   13  -45   -4   62 -124  -24   13   46  -51 -110 -123   74   24  -43    3   10 -109    6   98   74  -28  -38  -72  -59  -41  115  -50  -72   96  -11   96  -19   72  -36  -84   76   68   57   -6 -111   76    0   91  -28   85  -33  111  105  101   81   51  -54  -85  108   15    3   95   93   59   63  -46   27  -84 -102  119  -40  102   59 -110  -31   76   94   97   39  -62   54 -122  -79   31  108 
-125  -45  -74  -82  -65   69   49  -98   35  -20   93  117 -121 -119 -112  126  -30  118   57  -12  -41    5  -46  -72  -83   20  111  -77   70   14  -97   73   97  -43  119  -96 -101   41  -66   62 -107 -101   51  -99  -91   67 -101    7   58   85  123 -111  -38  -51  -54    7   97  -71   59   39   71   90  -16   41  -80  -24   73  -53 -111 -120 -119  -90  -93   60  -61  -56    0  -33   79  -70  -76   74  -53   14 -105   21 -106  121   78   81   32   22   43 -111  -65   91   -7 -120  -90   10 -112  -81   48  -76  108  116   -4  -20  -45  -52   38    7 -106  113 -107  -82    7  -85  -89  -43  124   71  107   40   88  -86    3  -47 
 -77   42   91  -61   89   12   -9   69    0  116  -79   83  -64   87  -38  -42   73  -17    4  -48   27   43   37   23  -13   17  -65  -53   59   67   29  110  -19   -8  -78  -58 -124   41 -116    4   29  -67  -41   93 -107   49  -76   94  -95   56  -82   60  -28   83  -45   87  -28   19  -94  -96  -42   63 -114   67  -72  -64 -119  -68  106 -107   65    7  -45 -104  -27  -24   74   25  -58  107  -47  -12   39   53  -57  122   12   44   13   47   76   99  -18   90   38   38 -101   48   99 -123   69   36   12 -104   60  113    0    6   10   70  -15   92  -70 -104   17    2 -109  -98  -82   32   77  122    4  -69   84  -86   98  111 
  90   69  116   32  -23    1   56  -91  -14  -71   44  125  127  -99   89  -70  -74  -22   60  -55    8  106  105  -43  100  -19   17   56   24  -13   40  -14  -72   28 -110   33  -99   75   70   16 -124  -14   13 -125   16  -26  -67   70   80  121 -113  -39   99  120   46   71  -26  -65    0  126   50  -88  -16  106   68    3   11   98  -50  -46  -14  -46   68  127  -43  -44  -27   19 -102  -75   12  -87   14  -16  -94  -67  -73    8   -4   55    6  -81   95  118 -103   36   -7   37    6   71  119  120 -103   59  119  -17 -112  -36 -126  -86   17   14  -44  -96  126  -10  -35  -74  126   89  109    4 -120   77   -6  -94  -15  116 
  71  119   59   62  111   85   -7  102  -60    9  -62  -58   52   83   84 -120  115   83   -2  -48 -119   -4  -86  118 -128  -78   67   -6  -44  -76  -18 -101  -85  -86   89 -102  127  -45 -128  -61   92  -62    9   16 -106  -35   24 -119  -80 -106  -38  -71   18    4  -80   18   54  115 -115 -117  -88   -5  -90  -45   37 -128  -18   36  -45  -18  103  -81   49  -16   64   71   78  -40   80  126  -17  -86  -72 -127   46  -24   20  -27  -37   33  -16    3 -100   22   87   66   22  -59  -26  105   51  -50 -103  -28   62   89  -85   12  -79  124   11   32  -90   67   34   85  -85  -74  -70    6   87   42 -118  115  -64   97   53   87 
 -90 -100   64   89  -22   89  -66  -88   50  -23   53  100  -27  -64    4   12 -125  -90  -31  -82  -36   27   52  -77  -59   62  -89    5   31   92  -36   69  120  -99   31  -30  118   93   11   41  -58  -64   13   44    0 -111  -72    3  -72   25   49   20  -76  -27   72   -7  -92  111  126   67   75  -37    9   68   -8  -88  -90  -18 -123   49 -105  -53  113   36  119  -15   54  -81  116  110   72   37    2  124 -117  -54  -11  -81  -71  -12  114 -123   79   -5   73  -57   35  111   53   40   33   77  116   18  -15  107 -124  -89 -101  120 -107   99   30   24   96   41   98  -43   88 -100   73   74  -95   24  -58  106   95  105 
  89   21   18   -6  -30    6 -115   83  -15 -111  123   12 -119 -112  -16   39   40  -48  -48   11   37  -88   39  -17  115   72 -121  -71   50  103  -94   11   -4   52 -122   94  -70 -109   49   44  -92   44  -72  -83   61   40   85  -27  120  -91  112   30  -50   23 -115  -63  -33 -108   -6 -111  123   28   29   -9  -47   35  -43   11   54 -121  -73   90   51  -16 -121  -16 -104   92   86 -111 -126   70   47  -48  -34   60   17   61   80 -117   79   76   39  -20  -61  120 -113   25    4   69   32   59   31  -45  -85   38   68  -60    3   26  -43    5  -32 -124   85   62   64  -26   -4   16  -15  -53  -36 -104   55   32 -111   70 
 -71   21   11   89  -48  -86  -84   -4   80  112   64  -45   10 -107   88  107 -103   45   41   89 -109  -91  -23    4  -16   70   29  -89  -26   46  109   31  -61   -8   -8   19   34   36 -113  -13   21   79   70  -97  100   31 -118  125  -52   52   86  -32   89  -64  100  -54 -122    1  -15  -20  -81  -33 -117  -14   87    3 -122   -6  -89 -107  109   60  101   51   92   73  -46  102   71   31   26   29  127  -12   93   99   62   99  -27  -81  -49   20   14  -38 -121  -26   93 -115   96 -123  -94   77   65 -121    0   29   81   83    4   24  -14  -98  -75  -15   18 -109  -44  -48  118   57    0  -58  -50 -114   32  -43  -12   -2 
 -30  -44    3    4  -95  -60   12   34   98  -35  -11  -26  117  103    4  -86  -40 -105  -67   44  -25  -76  -26  103   -6   52  118 -102 -119  -22   24  -21   63 -101  111   96  -32   -5    2  -62   88  119   40   77   94  -84  120  -74  -61  -75   99   43  -23  -55   18   99  125    8  126 -122  115   22  -15   50   50  -32   18 -110   92 -107  -44   52 -116  124    2  107  -88   -6  -95  -20   47 -124 -105 -103  -51   41  124  -54  -78  122  -48  -91   17   65   87  -61  -94  -23  -43  126   -2   41   50   11   37  -76  -10   77   46   23  -71  -34   28  -48   -9  105  122  -13  -76  -84  -18    4  -47  127  -58  -88  -62  -24 
  17   23  -26 -112  -64 -104   27  101  -51 -111   50  123   40  108  -39  -60  -68   80  -82  -74  -60  -30  -30   50  102   51   49  -84   91  115   20  -19   10  122   -3   74 -109 -104   47  -32  -87  -31  -37   81  -51   53 -106   10    5  -60   64   73   38  -93   -5   12   86  -84   57   50  -97  -51  -97   41  -56   28  -13  -37   52  -94   59   93    4 -106   46   81   75   68  -37  -47 -120 -100 -102   46  -65   22  -69 -107   66  116   71   98  -63  102   11    9    2  127  100  -74  -95   31 -109   37   54   66   -9    1    6   82   82   15  110  109  -67  -83    3   -8  -61  -59  -20 -118  -89   46  113   51  -73  -13 
  50 -100   42   83   59   61   -7  -15   -1  112  115 -122   66   69   21   49   50   82   94  -75  -53  -95   -5   55  -84   34  -27  -99  -43   29   16 -121   57  -70   91  -12  120  -44  102   -9  -60   89   -3 -122   30 -110   55  -47  101   22    6  -80   55 -127  103   99   36  -51 -128  121  106   17 -127   35   75   92 -105   67  -80  125  -69  -12   86   56   -6  -11   75  -78   70   48   72  -52   96   -1  -50   71  -29  114 -108  -29  107  126  116  108   33   64   72   57    3  120   54   62  -20   13   -9  103 -126  -62 -103   72  114   97 -108   82  -32  -30   25   67  -44   46  -89  -64   44 -101  -84  -50   91  117 
-121  -33  109   61  -99  -38  -54   20  -63  -52   86  -38 -108   72  -69  -87   26   27   11  -76  -33   96   98    6  -96   14   33  -52   92   -3  -63   99   92  -81   33  121    9  107   14   74  -72  -28  -92  -52  -83  -33  -11   71  122 -127  123  -39   97   93   95 -127  -20    1  -51  -56  126   15  -84   90   62   77   83  -57   56  -31 -111  112   70  -75  -67  115   20   50   58   14   51   54  104   20   19   71   21  127  -56   99  -56  -58  -14  -12  -96  -80  -63  116   -9  121  -43    8  106 -101   61  -89 -114  -47   89   73   95   13   -1   71  -95 -110   15   55 -110   87   26  -38  -98 -116   78  -66  -68 -113 
 -78   51 -120    8  -69  114   35  120 -103   50  -55  115   -5  -88    0  122  112   33 -116   -1  -40  -98  -42  114   -8  -12  126  -58   51  -70  -43  101  109  -34  -19  -88  -48 -111  -96  -22   67  -23  -35  -66   18   93  -72    2   -2  -60 -127   87  -29  -41   73   91   76   72  -94   -1 -126   -9  -28  112   85   82 -104  -90   99  -71   16   38   34  109  100  -76   74 -100   54  -56  -32   55  -97   67 -113  105   31   91   49   65  -38   51  -72   62   35 -114   16   60  -76  -13  117   68 -103   23   49  125   76   -5 -103    2   67   -6  -70   99  -67  -55   76   92  -92   -3   29   -2  -80   86  -68   84  100   77 
  16 -104  -64    5   92  -38 -100   13  -41  104 -120  -15  -21   75  107   37   46  -88  110   -6 -123 -110  119   34   16  -88   -8   76  124  -36   25   12  -12   90 -111  -48  -76  -83   93   11 -106  101  124    1   49  103  -90  -33 -112 -108   90 -107  -90   81   55   54  121  -80    2  117   12 -100    1 -127  118   18  -47  -86   64  -81   53   86 -108   50  -41   69   25   -3  -91   41   17  127   62   55   80  -10  -19   74   38  111   63  -78 -117  -63  -77 -127   83    5  -85   19   52   97  -23   72   19   64   14  -84  -67   51   86   78   50   20    5    2 -118  114  -52   48   98 -116   99  109  -51 -106  111  -96 
  27 -102   52  -49  123  -99 -104   14   94   38   59 -101  -39   17  106 -117  -91  -17   13  -80  -30   90   96  -60  102   67  -79  -77   90  -96  -45  -11  -69 -121   69  -74  -91   93   69 -125    3    0  -98   92 -111 -120  103  -74   -8  -12  -26   90  -50  -57  -98  -76 -118  -49  -25  100  -16   59  -38   43   66  -97   97  103  124   38  106   -1  -90 -119  -37  -73 -111  -62  -18    9   54   84  -29 -123 -101    1  -71  -90   81   33 -118  -63  -36  -28  108  -98    3   77 -122   -1  -12  112  126   26  121  -39   82 -117   27  -64   20  -46 -108  120  -41  -80   -7   16  -42  -54  -79  -32   11   13   69   -9   44  -56 
 -59   50   72   57   34   70  -45   28  -96  -91   39   59  -27  -69 -115   -6  -77  -28   42   45  117 -128  119  -90  -32    3   52  -91  122  -32  -18  -65 -110  -74  120   52  124  -52  -48 -100  -15  119   88   87  -77  101  -47  -26  -54  123 -109  -65  123 -117  -27  -37   14 -103    1    8   -7  111   72   11  -91   64  -64  -95 -116   16  -66   -2    8 -106  -43   59  123   38  -95  -59   33  -75    4   28  -64  106  119   78 -125   -8  -42   -3  -25  -98 -120   12   95  -56   46  107   89  108  -23  -31 -126   62 -100  125  -28  -67  -61 -123  -14   71   33   50   49   25    0   53 -111   87  -78   -7  117  -70 -123   84 
   3   51   64  -36   31  -87   61   33  104   89   31  -52 -106   98  -46    9   41  115  -69  -37   12   60 -112   30   19  -62 -105    8   -4 -100  -35  127   80  -99  -37  -17  -58 -104 -111  -82  113   48   -5 -120   18   77   17  -69   64   76   22  -51    8   38  107 -101  104 -126   36  -27  -98 -127  -28  110  -98   64  -34  -28   88  -17   19   74  -97 -114   82   49   91  -29  108   27  -81    3  104   56  -87   83   83 -110   85   -9   -9  116   -8   91   98   22   27  -64  123  -12   47   14  -66   78   28 -112   -1   -9  -13  -20 -110   34  111  123  -38 -104   78  -82  -86   36   37   33   24  -98   -3   -6   52 -104 
  59   47   12  -22  -67   74  -71   89   90   56  -48  -51  -92  -29  112 -109  -34  -54  -84  -84   -8  -42   80  -98  120  -24  -68  -11   99  112   13   30   32 -102 -120   93  100  -63   55   63  122 -121 -116  -98  -22  124  -78   72  -57  -34  117   63   52   69   93   44  -82 -103  -95 -111 -118   47   47   42   73   55    7   45  121  -66  -20  115  -58   -7 -111   48  -11  -61   -7   60   33  -18   -4  -42  -77  -39 -126  -31  -13  -92  -14   -3   83  -95  -89   28   89   46  -55   82  109   54   69  -77  -81   86   99   36 -102  -36  -31   59   74   93 -111  126  -74 -108  -33   41  -72   82  -90 -117  115  -51   39   76 
 124  112   30  105   38  -29 -100   85  -70  127   -6  -44  -36   91 -113  -90   56  -95  -92  110  -75    4   24  -19  -42   62   -8  -55 -116  -97 -106 -120 -113   52  113   54 -104 -115   11  -46 -116 -123   38  -24   96   53   15   24   86   51    7 -117  -73  -97   -8   13   93  112   87  105 -113  109  113  -97   33   98   85   57  111  -32 -117  124  -26   49  -28  -58  -25  115   95  -67   39  -26  -55   94    5   65  -20  -30   50  -61  -52   65  -80  -67   96   81  -96   53   11 -113 -106   22 -117   -4  -56  -16   66   47  -29   33  108 -118 -121  -75  105   12  119  -43  111   41   24  -69  -22   72   -8  -53   25   24 
-128  -92   40 -106   59   51   18 -125  -93  -43   50    7  118   30   17  126   84   -6   10   75   79   -7  -12  -25   52   94  -81  -83  -87   73   69  -86  109  -19  -64   40  -95   83   43  -60  -88  -35   75  -98  124  -35 -100   80   87   39   27   39  -96 -113 -114   85  109  -66 -126 -105 -121   71  -63  116  -75    1   29  -42  -44  -56   26   -4   38  -26   27   34   67   55  -14   26  -34 -115  -63   -1 -100  -48  -44 -119   14  -42  -96   21  -99  -31    9  -46   99  -90   40  -73  -17  -61   52 -107   41  -49   55  -20 -122  -87 -122  -27  -74  -56  100  -46   24  -72  -37  -90   14   -4   59   43   93  -60  126   64 
 -21   38  120   90  105   44  111   18  123   38  126 -127   79 -123  -26 -123  -51  -54  -41  101    2   50 -117 -112  -82   70   60 -116 -118   58   76  -11  -32   68  -49  -54  -16  -66   92  -21  100   91  -19   51   96   83   56  -83  -98 -113 -110   32   66  -99   49  112   99  -19  124  109  -89   73  -29    7   13   50   81  126  113   46  -23   85    9   86    9  -23   42  -63   22   72  -47   40  -24 -109   69 -103 -125   40    6 -128   21   45   73  120  -75  -42   43 -122  -44   28   52   62  -15  -67   20  122   38  -66  -68  -68 -122   13  100  -17   32   41    8   35  -47 -113   35  103   60  -20   95  113   67   10 
 120 -105  -90   44   85   24  106  -22   18   16   40   78   77   47  -37   49  -98  123  -37   38   31   44   53  -62   19  -14   47  -13  -29  -14  125  -37    9  -92 -120  -33   60  114   73  -50    2  -15  -99  -49  -96   -8 -127  -66  -12  -36  101 -109 -120   26  -43   28 -116 -124 -113  -16  -10 -116   75 -128  -80   83  -33  108   69  -88  -69  -56   25  -40   23   58   80   24  120  -60  116   93  -41  125   -8   45   25    4   49   40  116  -88   52   64  -88  101   19    7   81  -39   47 -116   33  -56  -28  -72 -126  -75   81  123   -7   69   88   81   66  -48   -2  -37   85  -81 -125   73  -41   56    9   -1   29  -99 
-122  -18  -10   53   -5 -105  126   95  -49 -128 -108  -96  123   14  102   84  -33   40  -92   93 -124  121 -116 -121   67  -28   63  -52   99  -36  -23  106   75   95   31  -58  118   29  -91  -58   30  -70  -26   25   72  -52  -19  -89  117   18 -124  121   11 -112 -128  -50  -12   64   27  -40 -100 -124  -62  103  100   97  -83   90   -1  -45  -96  -99   13    7   54  -43   83  -92   -4   72   54    0   65  -63   16   66   16 -123    2  -85  -35   30  -81   31    6 -109    0   51  110  127 -122 -114 -100   19   21   83  104  -23  119  -28  -79   45  100  115  110  -11   53   -2   -6  -73   41   87   85   89  -10  -37  108  118 
-113   90  118 -107  105 -110   41   -2  101   17  103   92  118 -103    9   90 -116   -8  -49   65  118   73  120   32   32   77   -7 -106  -87  -27 -115  -72  -64 -125  -51  -87 -107  118   39  123    8   15   87   -2   40  -31  -40   52   89   40  -11   79  -15  -19  -17 -110  -70  104  -88  -29  -50  -75   27   14  -72  105   55  -50   95  -34  -55  -25  109  -96  101   21    1  -66  -55  -38  102   62  -86  -41  -85   25  -23  -26    2   18   73   80   71  -27  -34 -128  -50 -107  -50  -83  -13   23   21  -31   55   -6  118  -71   56  -64   19   30  126   61  118  -86  -41  -33   16   89  113  -39   41   57   62 -121   57 -116 
-100 -121  -70   15   30   79  112  -43  -55  103   14 -126  -89  -94   32  -91   95   22  -49  -74  118   95 -113  103  -71   56   32  119   63  -39 -124   91  -32  -66  -21  126 -115  -37  -44  -42  -62   98  -40  -23 -124  121   15  100   15   94 -102    5   62  -86  -19  119   98 -115  110   34  -25  114   -3   71  -80  104   70  -67  -60 -102   20    6  124  108  112 -127  101   -1  101  -11  -35  127  122 -101  -87  -25 -110 -116  -11 -127   46   92  115  -85   35  -92 -108  -23  -31  -40    3  117   94    0   98   78    1   71  -51  -26  -68   43  -27  -73   70   15   30   89   27 -109   90  -55  111   77  -12   19  113    8 
 124  -45   96    0  -56   63 -128  -86   13    1  114   91  103  -82    6  -52  -27  -52   91 -124  -91  -10 -105  127   63 -121   77  -76   26   62   60   22 -111   29 -106  -38  -36 -106    4  105   23  -10   68   -2   37  -54   75 -118   23   38 -114   60  -99  -90   60   92  -83    9 -112   71  -57   77  -35  -39  -22  -12   51   70   10  -73   47  -94   46  -12   32  -45   62  -21  -35  -43 -110  -20 -110  -81   18   78 -117   63  -41 -100    6   30  105   99  119  -45  -41   42 -103   98   98   72 -124   16  -68   36   99  123 -112  -64  -48  -94   44  -30  -47  -66  -80  -36  125    7   -8    3  -90  -31  -25  -99   52   62 
  72   77   32   42   22   36  -70   82  -55  -99   77  -39  -35  -98   -5 -118    0   76  -56   49  -88  -58  -72   33   73  -34 -126  -80   -4   55  111  -60    4   15  110 -102  -76  -88  109   -3  -59   58   86   34   88  -47   44  -39  -99  117 -118  -59  -69  -62  102 -124   33  105  -75  -99   32  -92  -31  -92   51  -49  -65  103   -9  -84  -28   60  102  -70  -34   63   11 -117 -104   40 -128  -94  110  -69  -28   84  -65 -123   61  -12  -94  -35   24    3    2  -52   82   65  -77  -55  109   24 -123   83   82  -28   18  -34  -17   42 -122  -17   76  116   42  -79   73  105  -74    6  -34  -39  100  118   92  -26  -62   47 
