 -46   10  -76  -98   75   -9  -52   47 -103   -1  -45  -23  103 -109   52  -14   48  -27  -13  -59   57 -118   21  -72   57  121   49   61  -10  -85  104   72   54 -100  102    1   20  -77  -80   45   50    3 -105   25   23   75 -117  -57  -79   -2   12  106    9  -95  -94  -62 -102   83  127   16  127  103  -39   53 -125  -65  -74   23  -14  -26  -59  -91  105  -36   62    0  -89   74   71  -40  -56  -45  -62   81  -12  -27 -109   14  -72 -110  -97  -73  121   -8  108  125   55  -94   20  -86    8   89  -49  -14  -75 -115  114  -35   87   58   53  -96 -115  120  113    2  -35 -123 -112   21 -105  -81   77 -111   39   57 -114  -33 
  92   34    9  -28   -4   88   86   49  101   73 -114   61    3   68   93   16   60   78 -110 -103   83  -93   46  107  -46   -5  124  122  -75 -118  -39 -111   44   98  -11  -88   58  -52   90   31 -107  104  -36   24   44  -71  -88  -24 -120  -69    1   91  -34  -80   70   48   43   66   42   96   76 -125  113   -7  101  -25   33   31   51   -5  -65   72  -28   27  -32 -112   85    8   -7   93   67  122   56  -95  -86   -1   82   86  -63   -4   54 -114    0   40    7  -27 -113  -88 -123   66   36  -60   10 -120   95  106 -104   52  -14   17   17  -74   12  -54  -41   54   73  -87   12 -118   38  -61 -104  -90  107   31   11  122 
  72   16   60  -20   84  -58  -12   52  -80   12  -24   34  -98  122   88   42  -60  -80  -32 -115  -39  109 -105  127  -80  -80  -91 -101   79   49 -107   23  -63   81 -125 -106 -105   -9   74  -57 -124  -78  105  -94  -84   66   76  -16  114  -84   -3  -53 -103   21  -53  -55   69  -16  -28   20  -95   -7  -84  -29  -54  -81   -7  -31   39  -61   40   43  -11   18   77   34  -44   25 -110  -58   69   16   17   95  -91   92  -88  106  -51   13   -2  -18 -122   42   81  -47   90  -54   50    1   13  -37  -84 -125  109  121   37  -63   18   55    7  -41  -57 -104  -74  -20  117  -33  -42  -62  108   85   48  114   -1    2  -61  -39 
  76  118   90  -38  -47 -122  -35  -66  127 -126   -1   17   57 -122  105 -127  -98  -97  -19 -109   -2   68  -43  -22   25 -122  -35 -104    8   32  -14  -44   22  -52   46  103  -45 -117  -91  -46 -115   36  100   71   42   77   72   73  108  -75   92  -21  121  -78   85   18  -72  -78   43   64   83  -99 -108  -23  -23   67  -47   60   78  -10 -113   92 -101  115   35   69   64  -21   14   44   32  -21 -105   26   29  109  -84   85  -97   87   21  114  116   41  -36  -34  -20   45 -102  -69  -93  -87 -105  -66 -100   58 -124   92  -91   18    9   69  125   32  -33   26   13   12  -17   45  -29 -124   31  -40   46  123   54 -102 
  40   80  -43   76  122  -20 -118 -106  -90 -114  115  -53   33   -4 -111   30 -100  -16  -71   42  124   40  -41  -32   45  118   56  -37  114  -18  -11   26  -66   75  -26  -72  -73  -15  -49  -34   -1  -62   41  -96   62   58   63   90  -85  120    4  -89   32   91    7  -51   82  -65   40   68   45  -98  -34  108  105   69  -92  -96  -74  -13   -2   53   53  -88   86  -13   98   21  -50 -115   13   82  -75  -83   46   60   -5    0  124  -93  -60   41  -63   34   21  -86  -25   58  -53   29  -83   73  -45   99  113  -87  -42   84   62   36   97  -53   -9 -106   -8  -91   83  115   37   79 -105  105   -8  -40   11 -114    3  115 
  72   78   16  117   23   99   88    9 -116  -81  -35   74   83  -66 -107  -54  -43   14  -17  -88    1 -108  119   24  125  -17  113    9   -3  -12   -4  -59  -62 -116  -69   89  112 -109  -30  124  -62   63   71 -106  126   92  -32  -45  -22   80   -5  108  100  -14    4   98   97  -11  -21  -33  105  103   36  -85  115   95 -123   99  115  -25   96  -75  -89   39  -53  -91    3   44   -8  110   -4  115   90  -32  -27  -34  -62  -58   84   45   37   61   20  -54  105    8  -87  110  -21 -100  -43  -53  -46   -4  114   29   33  -10  -55 -103  -28   69 -116  -66  -90  -15   28  -24   56  -16 -106  -35  -82   42   39 -105  -78   81 
-123   30  109  -38  105  -65   87   92   93   -8  -46  -90   18   54  108   30  116 -110 -112   16   -6   72 -127   16  -91  -81  -69   77  -58  -19   30  -53 -117   11   37  117   75   -4   81   40  117  -93   78    7   89   58  -91   77   76  -75  -35  -57  125  -34   87  -93   13 -110  112   83    0   14  -98   11 -103   68    0  100  -64  -47   12  -75  -12  -37   60  -51 -107   98 -102   98 -105   -8  -87 -107   86 -128  -72  -28 -109  -88  -73   19   54  -42  -98   79 -102   31   52  -38  112  -64   16  -27   27  -52   50   49  -82   77   19  -58  -59   60  -37 -101   60   19   -1   79   59   55  -30  -15 -115    1  -64  -89 
 -96  116    1 -112  -75 -111  -11   80  -34  -88    1   12  117 -108   82  -70   80  -83  -43   13   64   85  -36   -5   12   63  108   25  -64  -83   64  -32  -95  -63  -16  -42  -45  102  -89   49 -114   40  -67 -125   61 -112  -67   13  -67   18 -102  126  -25   -9   -7  115  -74  -26   12  -10   19  -52   86   52   14  -58 -117   97  -84  -78   18  -70   90   79  -67   23   95   -6  -91  -99 -115  -65 -101  -12   54   20  -24  108  122  116  -30   13  -63  -72  -62   79   -1  -51   48   43   -1  -62  102  -39 -111  -93  113  113   30 -106 -114   43  -43  -87  -97 -116   61    7  120   56   -4  -37  -59   61   19    7   12 -110 
  84  -68   62  -45   -2   36   45   15   71   30    0  -27   52   14 -112 -119   55  -80 -107  -11   55 -114  -83  -77  -23  -14  112  124  122   -4 -113   78   56   77  -94  -74  -15   79   70  -72  -19  -58   30  -95   85   46  -86   12   94  -64 -127   22  -50  -82   73   55   33   58   51   27  -74   66  -23  111   15   11  -91 -128  -38  107  -71   71  -78   87  104 -121    5 -109   19  -28  -45   21  122   33   67   67  -40  -28   -3 -117  127   52   78  -23   35  -35  116   72  -34  -49   52   23 -106  102  -18  127  109  115 -110    0  -41  -27 -107  -47 -122   89 -107  -34  -67   18  -23  -67  -58  -73   38  105   21   26 
  50  115  105  -26   10 -128  -52  120  127  -71  107 -111   57  -61  -10   79   20   -4   40   41   90  101  -68  -61  -94    2   -5   72  -20 -112  -29  -98 -125  -52    4   13  -52   80    5  -53 -119  -16  -36   66   51   82   17  -56  -50  -71  113  -88  -97  -83  -20  -63   48  103 -118 -100  119  -19  -70  122   57   62    7 -122   14 -116  -47   23   -4   46  -39  -80    0  107   -8   79  -92  -23  119  -61   23  -29    5  -57  -54   15  -29  -63  124   29  -69   53  -37   66   59  105   78 -115    0  -53   59   89   -5  -69   68  115 -118  105  -36 -126  -84  115  -27   49  -70   48  -64   29  113  -68  -70  -83  114   21 
 111   45   -2   62   58  126 -119  -11   88    4   49   28   -9   59    5   83   61   50   71  -93  -29 -127   83   36   31   68   96   89  113   82  -17   97    0  109   31  -70  108   40   48   68  -84  -31  -32   35 -100  102  -10   90   24  -67  125  123  -65   80   31   94   20    0   55    6  -46  -90  -25   82 -108 -122 -115 -128   46   61   68   90  -98  -92   -3  -70 -118  115 -108   34  -79 -111   30  -16   97  -67  -50  -10   61 -123  124 -112  -84  -29   98  -64  -23  111  -64 -105   44 -124  113   74  -88  -18 -123  -77  -31 -103   85   18  -85  -13 -126 -116   49  -48    2  -18  -42   -2   -2    2   97  -31   66  -54 
 -48 -126  -31  125 -122  -46   71  -82   64   76  -31  -94  102  -73   52 -111   42   55  -99  -37 -121   32   74  -35  -98  -56   95 -128   41   33  -54  122   35   44  119   41  126   62   88   63   11  -71   97  -15  -16   21    2 -101  -52   31  -10  -44  -65  -64   49  -34    9   17  -34  -78  -78   40  -84   86  -44  -93   -1  -45   98  -41 -110  -19   17  115   94 -127    8  -32 -100   85  127   19  -87  -65   83   90   29  -36  -21  123   15   30   35   59  -12  120   95  115  -53   65  -53  -35  -82   92  -48 -116   93   88  -20  122   45  -21   13   86   42  -32   49  -57   61 -100  -62  -52   58  102 -121  -82   94  102 
 -94  -87   39  -19    6   85  -55   86   97  -90   46  -51  -96  -36   57   45  -78  -29 -114   99   43   75 -128  109 -105   58   83  -98  105   49 -123 -117   90   44   -8  -32    2   65  -74  -29  103  101   49 -120  -63  -22   53  -13   77   67  -41   -8   14  -41  -26   37 -111  -71   68  122  107   73 -123   69  -11   -3  -90  119  -66  -36  -37  -90  -63 -116  -82    2  -10   99  118  -61   39  -51   60  -75   36  -94   91   53  -37   31   48  -58  -24   53 -116   93  -77  -78   85  -15   14  -80   23   80  -68   69  -46   50   41  -56  117  -48   21   49    5  -71   83  -32  111  -81  127   31  -11  -25  -44    1  -59    7 
  51 -102  121  -62  -54   16 -110    6  -42  -28  -72  127   45  -83  -49  -62   95   84   -4   50  -75  -21   97  -76 -118  -41   28  -34   88   97  102   12  123   95   78  -59  -17   96   75   69  -60 -125   68  113  -80 -109  -76 -113  104   48   66  -99 -101   35  -47  -91  122  109    3   83   78  -23  -33   73  -56  -83 -114   56 -115   89   -3  -47   92  -62  -61 -115  -43   -9 -100  -67  -89   94  -38  -62    2   44  -25   -4   25  106  -49  -24  -44   46  -79   28   91  -64  -44  104 -103   82  -70  118 -108   -3 -125  -23  116  -97   39 -101  126 -127  -35    0   45   68  124  -57   46  -52   47 -126  122   96   31   86 
 -96  115   62  -70   69  120  -80   89  -11  -77  -61  -23  -46  106    4  -48  107   97   80   25   37   77   96  -44 -103   15  -42 -109  -17  117  105   16  105   40   74   46   32  122    8 -106  -83   75   -1   -1   53 -124   80   32  101   32  -71   11  -19 -103   95    6   40  -75   26 -104  -85    3   40 -108  -85  -14   66   76  -20  -54   98   25 -107  -31 -104   74  -27  104  -21  -53    9   36   86  118   62   53   -3  -26  106 -105   -2 -107   26  -90  -87   70   24  108   18 -124  -74  -12   29  -52   85   54 -106  -69   30    1    6  -89  -90  -36  -98  100 -111   27  -54  123   50   73 -111  -52  111  -70 -110    8 
 -90   36   12  -35 -104  -86   41  110   96   63  -87   -2  -63   47   38  -25 -117   68  -53 -100  -33   21 -105 -111  -34  -88  -35  -50  -29  -16   86    9 -108  -30  102  -83   12   15 -101  -20  -49  -60  107   16  115   17  119  126  -43  -62 -102   52   87  -79   69  -74  -38  -94    4   61   18  -38  -58   39   60  -83   84  -55   60  111   53 -117  -77   32   27  -90  -79   18  -92    6   84  -66  -70   44  -17  127   98   73  -94  -26    6   52   64   77  -37   -4  122  -81   69   54  -98   -5   66  -47 -101  -35   -9  -51  112   27   83   68   89 -114  -16  -55 -115  -46 -110  -81   56   25  100   -8  -26  -65  117  -32 
 -17   58 -106   13  -75   88   95  -47  -74  -42   30  -90  114  -15  106   75   -1  -37 -108   13   45  -89   60  -26   64   32   94  -90   96   83    6  -49   14   28   92   67  -11   59 -108   43 -110   50   81 -124  -92   59   79   35 -106  100  -80   68 -117  109  -86   75   13 -120  113  -19   92   -9   60  -22 -109   25  -83    8  -44  -62  -77  -26  116 -124  -22 -104   64  -70   60   86  -98  108   26  -87   89   68  116  -25   77  101   84   41  -36   17 -109  -17  -86  -64  120   -2    2  -85  101   -9  -80  -49   15  112    9  -53   70   39  -72  -31   80 -111  -91   68   -8  114   41  -51   27 -123   94   46  -11 -120 
 111  -19    6  -15   24  -21  104   72   59   -8   56  -60   67   -1  108  123   96   60 -115 -123    1    5  120  -86   82   19  -80   48  -62   37   56  -79 -110  -65   34   42   42   11  -13  -27 -125  -85   42   70   42   22   66   10  -46   79   16   83  -44    8  126  -89 -101  -82   87  -35   83   16   14  101   79  -79   15   -7   60 -126   95   63  -82    9    5   88  -97  -57  -29  -15 -106  115  -59  -21   -5  -61   18   22  -15  -23  116  -60  121    2  -87   72   51   56  -62  -17   59  -95  -82  105   42   52   65   73  123  -92  -70 -110 -105   -1   -3   18   66 -113  -87  -77   -8  -99   -9  -14   31   32  -70  -45 
 -39   -4   66 -108   29  113  125  -57   37   62 -112   32   99  -53   50  122   74  -81   13   13  -66   54   64   55   83  -72  -87  -14   88  -29   69  -79   96    8  -59   -3   -7  -62   69  -98 -127   85   62  100  -96  -15   94  107   32  -21   -8   95  -95  -72   22  116  -16   63  -25  -55  -94  -84   -6 -126   52   64    0  -83 -126  -59  -53 -125 -102 -118  103  -69   -5   70  -90 -101  -79   30  122  -45   86   16  -57  -57  -49   46   16  -14   91 -118  -12   15   74  116   61   77  -71 -120   80  -44 -110   56   15   13   -2   53   41   47  -45   35 -126  -87  -76  -54  -16    3  120 -128  117   83 -117  -22  -29   85 
 -34  -96   34   24  -88  -13  108  -69  -85   -5   72   41  -80  -15  -40    3 -107  -37   44  -55   37  -99   76   29  -99   66  -15  -88  -84   84  126   10  116   32  -94 -100 -109 -114  -41  -66    9  -96  103   57   17  -64  -68   38   27  105  111  -64 -122   60   93  -93   -2  -50  -52   42  -94  -54  -76 -106  106  -41  -77  126  -27   10  -68  111   42  -92   40  -68  -28  101   98  127   78   82  -65   84   14 -100  119 -116  -21  -61   54   13   13  106   36   -8  -63   87  -10   39  -31   50   22 -116   86  -66  -56  -70  -93  -86  -71  113  124   -8   69   10   21   61   22 -128 -128  -52   13   14  -73  -79 -122   -8 
-120   -4  -97  -22  -82   53  -10 -123  116   62  -65 -105  104   -7 -119  101  113   78  -17    6   11 -122    6   12  -46 -108 -102    9  -59  -96 -126  -50   28  -95   56   74   87  -82   79   75  108 -113   98   84    8  107   57   -7   58  -87 -128  -59  -81    6   81    1   26  107 -117   96 -117 -115  -82   39  -82  102  -14 -123 -108  -63   80 -128  -48   51   84   88   30   14  -46  -40   55  -46   30  102   88  -17  -25  -13  -37  -14  -45  -26   -1    1 -114   46  -25    0   51   -5   65    4   -5 -110  -73  -49  106   85   93  -68  -82   20   14   76   -6  -25  -69   98   90   22  -44  -83  125   84   46 -117    2 -107 
  11  -75   16  -52   57 -117  -34  112  -38  -55   70  -72    5  116   76 -108   64  -57   -5  123  -87  -43   18   -3    2   15  -47  -80   26   83  -59  -91 -119   85  -15   66   96   80   51  -70 -103   -7  -14   30  -19  -65   50  -83    6  -83  -88   47    2   58  -84 -124  -55   -2  -76   99  -47   -7 -120  -38  -50   -6  -99  -82  -54   80  -23  -29  -55   91 -127   54 -102   52   99   32   97 -117  -49  -28   70   -4  -24 -113  122   29  115  -53 -106  123   38  -27  -11   67   19   63   19  124  -94   92   88  -92   18  114   88  -11   19   57    0   98  -99  -58  -34    6  -42  -40  -93  -55   36  -71  -60  -54   30   58 
-115  -78   -7   32  -82   28   -4 -122   64 -114  121   24    3   12  -47 -125  -18  -17  -54   77  117   32  -91 -104  105   73  -47  -83 -109  112  103  -96  -94  -31   64  -48  125  -68  -41   61  -54  -48  -43   77   92   38   81  -54 -107 -101 -105 -118   59  -67  -94   36 -122  -12   81 -102  -28   57  -70    6 -102  123   86 -105  -73  -83   84    2   -3  -87  -49  -39   79  -96   36  101  -69   59  111  118  120 -110   26  127    6  -20 -103  106  -91  -45  -16  -65  -50  -58  -42    6  -12  -86 -120  113  -45  -41  -53  -94   -8  111 -121   51   42  119   42   35 -119  -60   34   15   48   59   -7   85 -114  105 -108  -35 
 -81  -22   99   35   20  107   21  103  -62   96 -118   58   79 -111  -18   -7 -120 -104 -100 -111  -36   62   32 -115   -7 -103   98    8 -126  119  101  -78  -31   72   85  118   51  -22   93  117  -54  103   48 -103  121  -98   19 -127  -74   47 -109   18  -18   51   31  103   77    2  -17   79   -7  -44 -127   90 -100   87   80   79  -63   46   69   12   21  -11   37   14   19  -72   16   73  104   35  -37  -42  -42  123  -67  -93   -3   45  115  118 -127  116   80  -98   75   33  109 -115  -49   50   25  100  -89  -66  -13   58   -9 -125    3  -33   38   95   53  124   90  114  -96  -41   31 -109  -51   33 -121  -99   63   83 
  62   44   96 -115  -33   -7  114    6   55  -27  -63  -82  -24   68   13 -114   35  -62 -118   -3  -75  -86   84   84  -67  -95  -11  -59  -65  -76 -104  125   97  120 -117  -64  -15  125   70  -88  -30 -121  -41   74   76  100   88  -17  -89   98  109  -36 -115   65  -80  -54   99   38   15  -94   90   39  -97   59   31  -86  123 -112  -89   66  -71    9   73   16  -45   21  -12  -85 -123   27 -114  114  119 -101   51  -88  -27   22   78  117   56   40   28   88  -28  -68 -126  -33  -52  -86  -95    5   51  107 -107 -121    0   10  -78    5  -91  -64   -9  -99  -37  -85  -59   65   65 -109   54   -6   59  -46  -46  -97   14  -44 
  -1   91   -2   32  -32  -78   11  -10  -71 -116 -128  -21   17  -91   44 -119  -62 -121  -76    7   72  117   26   -2  -17  -42   81   65  -11  -33 -106  116  -70   20   21   27   70  -96 -111  127  -84 -111  -21   62  -74 -105   71   -7  -98  123 -128  103  112   27  -27  -32  113  -74  -95  -26   22  -73  -37   80   76  112  -21   18 -112   -4   18  -67   13  125  123   68 -108   66  -67  -78   61  -67 -103   45   88   -1 -115   73   53  -81  -80  -53  -26   11 -100  -78   -5    7   69   11 -124  -41   72   17  -44   67  -43  -24    5   18   26  -62   80   52  112   40  -77  125  -14  104  -84   34  -76   19  -83  -48   69   40 
  87   10  -77   91   97  124  -19  -75   63   66   29  -59  -43  -72    7  -91  108   -9   77  -97  -11  -65 -121   33   97  -69  -76 -114   11  122   54  -29    4  106  -66  -26  102   43   27   37  -18  -71  106   67  -15  -14  104  -35  105   53   -4  -34  117    3 -128   86   63  -76  101  -54  -82   27   45   51    5  108 -103  -21   23   52 -111 -123  109  123   72  -34  -19   48   59  -41  -26  -73   53  -37   59   53  -79   -6  106 -106   68 -104   50  -14   75  -73  -34  100   35  117   25   52  123    6   47   67  101  -99  -12   32  -12   90   88  -87  -75   19   95  -26 -115   73   -3   81   97  -81  -61   45  -26   33 
  17 -119   23  -86   61   18   49  -19  -43   22   10   73  -74  126   35 -114  -89   88   33 -122  -65   46   79   60    0   49  107   67  -34  -47  -27  111  -37  124 -102 -104   14   75    5   99  -31 -113   45   23 -115  -48   38  -75  -87  -57  -69  -24  118 -117  -92  -10   60 -113  -71 -102  -32   30 -119   59   26  -93   84  -88  110  -39 -116  -49  -23   57  103  -10 -119   13   43  -78   84  103   26   74  114   62  -64   46   77   -6   72  -82 -104   81  105   51  117   61   91   99 -105  103  -77    0   32 -102  118   42   39   34   92   -5    9   -9  -58   -5  -75    6  -87 -125 -128  113  -79 -103   66 -102   76   55 
  88   39   27  111   15   78  -17  -81  104  -27   89   15 -121   54 -118   16  -83  -48 -117  -30   87  -76  -27   87  -91   22  112  104   49   60   31    9  -28  -70   -8  115 -120  103  -94  112  -52  124   -1  -44   50   10  100   95   90  112  -63   49  -92   39    9  -54  -67   -7  -78  110  -74   81   -9   26 -116  111   13 -108   86   47 -123  -93   43    4   -9  -35 -114  -37  -68  105  -53   -2   26  -16  -91  -93   58  -30   29  108  -47   83   61   72  -19   73   56  122   94   14   41   99   49  -43  -25  -88   50  -10    4  111  -33   79  -19  121  -65   18  -99  121  116   58  101  -59   13   35 -114  122  -20   70 
 116  -54  -44   29  -83 -122  114   21  -82   37 -117   50   20  -22    2 -127  -29   65   19    0   59    7  -70   32   77   71  -61   91   65   48   33   53  122  117  -45  -88  123  -59   61  -86  106   72   92   -2  -78  -34   -1   21  -96 -110 -106   91   26  -48   -5  -25 -104   63  -62   89  -17   99   15  -23   88   98   17   84  -89  -50  126 -110 -106   90   16  -56  -71 -112   94  -39  -94  116  -76   60  -60   47  -93  -36  -18  -27  -74   93  -56   69  -57  -95   39   88  117   78  -89  115   96  -67   77  -15    6 -122    1  -28  -33   35  -40   19  -32   28  -61    3  121   49  105  -81   15  -79  116   86  -46   27 
  46  -57  -23   85  -70  -54 -109 -120   59   25 -114  -68  125  -18   95  -43 -127  -65  113  -60   67  106  118   44 -103    5   93 -115  -37  -80   40 -119   -9 -110   95   50  -36  114   58 -105   11   72  -45    8  -74  -78   93  -72  -14   78   -4  -75   57  -14   97   82  119   62   96  -46  110    8  -36  -26   26  -69 -104  118  -83   82 -115   56   26  -32  -64   81   19  -99 -119 -123  107    5  -70   36  120 -101   -9  111   89  -41  -62   72   95   30  -82   -6   89  -58  -16 -122 -104   -2   62   50   94  126    3  -15 -101   12  -10 -122 -110   48   43 -118   75  -94  121   37   -7  -69  -19  -40   89   27   82   50 
  97  -61   56  121   65  -10   43   31  -12  -81 -111   15   59    7   22   77  -72  -63   87 -125  -29   81   40   92 -116 -107  -76  102   48 -121   24   17  -54  -47   10 -117   71  -74   42  -68  -27   59   75  -96  -61  -31  110   -5   34   69   -2 -123   22  -89   97   35  -68 -106    9  109  -99  -95   -2  -25  -14 -119  -14  -70  -65 -100  -10   36   88  -63   68 -101   35   50   22  -59   -8 -108  -53 -114  -69  -84   49   -8  -62  -70  -27  -33  -36   99   70   78  108  -72 -120  -85  -43   -2   79  -83   64   20  -56  -29  -58   94   40   62  114  115   77  -82  -96   -2   38  -30   57 -117   66 -107  110    8   99   91 
  65  108 -122 -106  -22   86  -61  -86  -22   11   13   48  -23  -74  -17  -37  -87  -68    9  -55   58  -81   44  -13  -70  -18    8  -87  118  -20 -124   55  -40 -118   77   66   96 -112  109  -54   27   -6  123 -124   48  -22  -32   90   38  105  -93  -32 -103   79   84  -45  -67  -36   -4  -76   72    0  107  -96   11   57   99  -21   73   80   54  -27  -54   49  -23  123 -101   73   85   65   51  120  -95   76   72  117  -97 -123  -46   28  -71 -102 -100  -91  -69   39   94  -98 -109   39  110   73 -116  -72   -6  -10  -77   21  -65 -120  -42  114 -127   -9   62   73  -19   94   78   63   -6 -120   89   22  -83 -108  -66 -117 
 -78  -47   50  -96 -102   63  -39   20  -75   12  -87  -12   21   -1  -25   22  118  -91  -33  -29 -125  -83  -94   -3  -75  124 -108  -30 -112  -46  -19  -61   35  -96  -29   61   95   60  -47 -108  -55   -6    8   94  121  111  -12  111 -107   83  -45 -104 -128  -11   22  -74  -15   42   24    2  124 -122   69   31  -90  -88  -36 -123  101   45 -103  -82  -89   33 -116  -96   17    0 -113   38  -45  -30   62  -45   88  -44    9  -55  126  -94   75  122  -88   16   25  -50   57  117  -45   30   34  -20   76   73 -115   88  105   30  -40  121  -60   43  -37 -125  126  -77  -41    8   -3  -42   42  -56  -48   82   89  106  -96   18 
  95  -13  -80    2   95  124  -53  108   84  -75   11  -84  -82   79   87    9   82   85   61  -86  -35  -70    0 -121    2   80   89  -37   58  121  109   26  -20  -99 -100  -53 -103  -25  -72  109   28   67 -103   74   18  112  -44  -27   70 -111   15  -93  -53 -113  -85   77   95 -124  -87   26  126 -106  -76  -22  -76  -48   54  -51   55  110  -69  -44   49  -44  -98  -61  -59  -14   40 -117    3  -73  -82   78  -58  -39   28  -90  -34   69   64  -36   91  116   70 -113  -60   -4  -35  123  -22   24  -49 -101  108  -18  -33  -79   96 -121  -68  -28  -65  -21  -78    5   68   78   43  -94   19  -21   -2  -17  -33  -59   -2   35 
  65   91   31  -84  -13  110  -57  -32  -36   38   17  -67   46   78   33  109  -71   83  -14  125   34  -98  -96  -75    9   30   36  105   99  -93   12   37  126  -85   81  -14 -102 -104   82  -10   63  -29   51  -19  -79  -44  -38  -22  -88   76  -24   74  106    8  127  -12  -90   36  -35 -118   71  105   47   69 -107    0  -73  -81   24 -119   37  -41  -19  -39   68   30   45  -98 -119   85  107  -15   31   85  121   31  -55  -97  -61   38  -87 -118   16   88   79   37  -40 -121   84  113 -112   -7  -56   -3   82 -115 -100    0  -85  -91  -43 -106   22  117  108   15   20  -75   46   87   92   88   97  -20   48   48 -111 -119 
  55  101  122   72  -34  -62  -59  -79  -49  -31   49   -5    6 -122   17 -100  123   -3   43   15   51  -38  -26   15  -78  -57  123   98  120 -116  107   47  113  101   -9  -49  -88   61    0   -9  -98  -79  114   37  -72    4   65  -77 -127  -19   67   52   71  -87  -61  121  -15  -66   91  -23  -54   71 -104  -69   44   16   11   84  -51 -117  -52  -21  -67  -66 -112  -11   66   82   40   68  -65  -21   -8 -122   21   60  127 -122  122   90  -17  -59   33    7    0  -50 -105 -117  -94  -28 -105  -18   80  -44   45   96   73  -17   50  -15  -77  113   93   44  119  -14  -24  118   -8  -30   81  103   39  -14  -18  -88   64    6 
 -77   99  106  -54  -47   58   30  126   27  -25  -18  -51   89   33  -65   54  -51  -74  -88   53  -83   32 -104  126    7   63  -16  117  103  -79   -5 -101 -108  -26  -27  -27  -96 -124  -28   59  -21   82 -119  -60  -13  -56  122   65   -2  -94  -10   43   66   14   41  -55  -50 -102  -65  -75  -53   58  -48  -33  -96   54   68  -63   58  -88  124  -91  122 -123  -22  -18  -51  -28  -81   76    7   37   -9  -55  -76  -95   19    2  -69   82   55    6   12 -120  101   45   62   41  110   -8   82  106   29   76  112 -121  -70  -67  -20  -23 -119  115 -113    1  -68  -61   34   79   69   93   33   -4  -29  -82    4  -56   91  -62 
 113   73   58   67   51  -40   16   35  -33   74   97   75  -76  106   62  -61  -21  123    6 -115   74  -53  106  -20   71  -51   26  -52   21  -11   14    7  -66  -55  -54  113   33   90   21 -128   37  -10   76   89  -32   10 -100   76    5   34   89  -48  109   68   60   52 -111  -42 -128   39   75   15  -82 -119   88   -8  122   -7  -45   15   -7  120 -123  -59   81  -26   80  109  -78  -43   15 -117   37   -4   79  -31  -80   97   55  -79    8    2   64   54   11   24  -82    6 -111    1 -107   10   -7 -101   80  -54    1   32  -73   51  117   70   62   27  -62   14  124  -13  -17   52   36  119  -74  -28   45   66  124   91 
 -56 -115  -35  -35   23   86   -8  -25  -95  121 -121  -40   44  125  -97  -21   24  -31  121   20   84  -24  -56   -8  -33   -1   92 -116  -63   88  103    9  101  -60  102   -3 -101  -33  100  -68  -40  108   20 -123  105   51  -16    1 -107  -23 -107  105   81  -34  -30  -80   93  -66  -68  -98 -105  -93   39  124  -24   13   -7    3  108  -34   63  -59  -54  -45  -54  -77 -121   58   52 -100  -93   73 -123  116  -89  -25  -92 -124   38  -32  -94   61    3   73   57  107  -41  -77  -18  -61   17  -83    8   91    1   82 -114    8   12   66   36   47   11   41   35   51 -111   71   55   55  -89   90  -12   43   35  -83   22  122 
 -32 -123  -66  113  -78   70   76   51   25   90  -69  -91   28   95   85  -88    9   -8   91   26  -64   18  -47  -25  -20   69 -110 -112  114   41 -118  -45   46  -56  -60   96 -113 -111   20   40  107   79   77    8   47   34   48  -72 -101   11   82  -37  -99  -93   66   10  104   85   26   90   -2   36  -83  -84  109  -14 -116  124    3   32   36  -18  -16  -15  118  -97 -108   38  -41  -81  -79  -87   10  -49  -52  -52   89  -76  -95  -13 -114   31 -105  -68   75 -124   46   88 -128  -79   -8   36   31  104 -106   22 -121  -86  -68  -34  -39  -18    7   99   61   83  -81   22 -121  -47 -119 -106  112  -96  -46   60  -91 -128 
  20  -91  -79 -116   74   80  117   96  -26  124 -118   35  -37  -29 -111   98  -58   78   54  -11  -28   61   70  -19   83   55   13  -91  -13   50  -91 -121   88  -42 -109   34  -89 -120    2   13 -123   12  -80  -32  111  -63  -62  -75 -113  120   42  -13   54  -15   96    9  -88  -18   47   27  -96   84   34  120  -85   53   26  -46   62 -100   95   67   40 -112  -93   23  -47  -27   76  -31  -34   -9   84 -108  104   53   29 -112  -93  -52   43  -61  -95  -51  -68  -52 -126   86   30   64  115   -3    3   27   13   38  -77   95 -116  127  -64  -22  -10 -108   -2  -34   73 -101  -18  108  -24 -103  -80    9  -26  -20   85  -23 
 -62  -13  -87  -75  112   45   81   -2  -45 -124  -35  -33 -125   29   73   -6   49  -57   88   -5  -29  -57  -25   75  -32   23  -44   71 -125  -87  -80  -58   28  -39   -5   12 -122  -52 -118  -38  -48  -25   57  -44 -124    3   78   54   74   38  -79  -83  109   24  120  -50  -80  -52 -107  -77  -11  -59   -7 -111   30  117   30   37  -63   40  127   18 -112   56  102 -108  -69   52   74 -122  -38  123  -77  -56   20  -84   22   68   -8   43  119  110  112  -15  127   14  -26   29  -77   39  -58  -78  -71  -42  107  -97  -22  -90   83  -75  -84  -82  -80  -32  -10   68   12 -116    8 -124   55    0  114   39  113  114  -75  -41 
  15  -23  126   85   27  -72  -85    6  -41   22   45  -85   75   89  -39  123  -71   79   64   69   91  -56   74   18   72   60  -71   57   46  -18 -112  -66   87 -113 -109  -13  -57  -65  121   30   85   38   73   32    0  -94   27   57  113  -37   -1   76   36  -55  -34  -20 -123   23  -90   52 -122  -74  114   93  -59 -123  -48   12  -60  -54  -85 -103  112  116   57  -16 -105  -43  -86 -120   48   41   85  -44  114  -77   65  119   75  103   43   81  -99   29   46  -29   35  127  111  103  -55 -102 -127  -71 -113   58   42  -90 -113   84  -82   64   -3 -125 -108  -17  -73   85  -26 -126   60 -110   83   90   47    1  -67  -46 
   0  -84  -70   73  -57  -69 -125  -42  117   45   -4 -123    1   42   69  126   46   89  -19  101   47   83  103  -21  101   58  -59   21  -69    2  103   60   47  -95    5  118  -36    8  -52  -46  -75   72  -41   54  -14 -100   52  -96  117  -95 -123   36  117  108 -112   90   38  -43  -17   98   88  -41   30    7   -8  -93   -3   85   44   73  -89   97   17   -2   24 -125   26  -52  -92   15  -18  -87  -76  -29 -106  -60  -67   60   25   45   30  -15 -124  -68  120   -4  -32  -11  -47 -116  -66   -8  109   79  118    5   83   16   82  119  -96  -64  -96  -44   35  -74   24   96  115  -79   13   17   35   17   78   27 -114  -82 
-111  -33  -70  -49   88  -89  -97   78   45  114  -33   -1  105   -1   63 -119   83  -30  -64  -21  -62  -77   28   80   68  -65  -31   18   91  -17   64  108   79  122  -69   39  -94  -38  -11   79  -52   84  -50  -75  -45 -115  -65  -90  -17   -1   17   49   50  -82    1  -10  -19   99 -119  -56  -46   73  -76  -95   68  -16   72  102   74  -66   53 -105 -110 -125  -52  -26 -112   11   12   -1 -118  -98  -80   60  -52   50  -77   57   21  -68 -126  103 -123  -74 -119   73   38   81   47  -15 -113  -28    8  -94  -25   84    8   -9  -32 -108  118  -22  -78  -89  -89   -2   89  -38  -72  -18   22  -70  -43   27  -16  -34  -27 -105 
 -80 -108    8  -65   -7 -112  -31   96  100  105  -40  -60  126  -50   47  -80  -11   86   47  -50  -80  103   60   70  -95 -110  -31   17  -16   70   40   32   91  -80   96  -44  -64  -63  -76  -91  -85   12  -23  -87   91 -104  -39  -48  110 -120   31  -98  111  -37  100 -112  -19  -58   34   94 -116  -54   -2  103   -5  -34  -69   59   32  -16   96   75  124  -54  116   87  -30  -51  -88  -47  -42   71  -17  -59  -94  -44  -42   16   26  120  -18   38  -62  108   14   61  -53   73   -7  107  -71  -39   54  -74   35   42 -115 -122  119  -75  -41  -51  124   70   19  -97 -102  105   47   52   97  -99  -37  -93 -119  105   97  -44 
  50  -38  -65  108   51  117  -94  -41   31  -81  -35   23  -27   52  100  -31   -6   -9    0   21  -32  -81  -55  -63  -52   36  -27  -42   13  -58   42  -64   32  106  -84  -45   95  -50   42   -1   -3 -121 -106   98   59  122  -60  -74  -14   68   75   82  116 -108 -108  -64   57   -7   22  -58   63  -63    6  -33  -85   50   50 -118 -128  -35    9   -2  -28   31  -32  -96   26   36  -42 -116  -23  -95   94  -35  -75  114   29  110  -21  -76  -75  -86  -11   59    9   32  -18  -68   42  -18   25  -76  108  125   83  -51  -99  -19  113  -13   -7  -38   20  -40   55   74  -54  -43   56   54    9  109   96  126   41  -22   30 -105 
  38  -56    5  -65   -4  -14  -68  -48   63  -38   61   48   77  -73 -117  -30   15   66  -84   89 -105  100   15   32   82  -16   30   -5   90  -68   18    0    5 -105   63 -127    9  123  -47  -56  -43 -113  121  -93  -58 -124    5   85   70   49   46   94   21  -66   -2  -25   46  -99   98    8  -39  -12 -120   94   12   71   96 -107   66  -79  -34 -104  -64  -41  -69    6  -37   64  -37  -95  -15 -118  127 -122  -56   -2  -18  118   27  -48   -2  116   69    6   83  -47  -51   51  -26 -113  100   68  -89  -91 -101  -30   43  -10  -94 -121   24   19 -111   23   26  -39 -107 -120  -49   48  -40   77   37  -99  -45   -8  -18   32 
 -85   85   47 -113   25   87  -76   53  -71   96  -85  -36  103   67  111  120  -37    9  -47  -16   17   32  -95  106  -19   70 -121   64  -66  -10  -32  -23  -53 -113   -8  100  102   45   25  -96   13   69   -4  -12    8  -21  -20   99  117   61  -44    6  -35  -11  -16   74  -69   -8   10   -7  110  106   98  -71  121  -38  -99   96 -121   55 -128   20   -4   -4 -120 -124  103  -12  104   92  -79  -68  -29   14   49   83  -40  108  -53   98  -27  -71   76  -57  -14   70   33   16   38   41  -57   38  -67   67  -94  -58   71 -119   58   47  102  108  107  -55   -6   28 -100   83    8  -24   53  109   33    2  -76 -108  -56   86 
  36  110   -1  107   20   60   46   54 -126  -11   63   61  -91   37   41 -112  110  -93   45 -117  118  -75  -13   44  -93 -108  -82  -41  -88  -10  -83   76  -28   44   55  120  -23  -27   46  -21   91  -19  -88 -128 -109   81 -112 -127  117   61 -116  107  115   -1   23 -106   20   69  -19   60  -69   27    9   31  -57  -64   23   48   38  -59 -100    1   51  -60    1   70 -106   17   71 -117  -49   84  118  -62  -45   14  -40  103  -45   69   36   15  -32  -83  -82   40  -19   70  -40 -109 -117  -12   20   62   57 -107    4   79   39  -52   90  118  -96   80  -72  -13  -34   16  -37   50  -43  127  -63   54  -84  -17  -34   25 
 -75   54   45  -63  -85  -63  127  100  -41    4   51  126   80   13  116  112  -35  -84  -29   60   60   62  -18 -111   61   47   71  105  -98  -91    3  -44   92  -80   21 -121  -15   20  107   72 -104   30   70  104  -85   58   88    8  102  -68  -60   34  122   50   52   56  -31   -5   33    0   33  -92   84   -3  -44  -23    4   70  125  -17   14 -106 -115  -43  126  -72 -113   87   64  118 -109 -123   24 -115   55  -52   69 -103   72  -25   25  -23   11  -19  102   96   86  -22   38   83   89  -76  105  102    9  104  -98   25   63   94   15   82   99  -89   95   27  -12   37   52  -68 -116  -51   37   23   58   11   -9   16 
 117  -99  -29   78  -46  -51   52   91  -75   82  -12  116   48 -125   70   20  -85   37  -81   31  -54   99   91  -42  -80    0  110  106 -117  -27   -6 -128    3   93   78   85  -86    2   48  -33  -44  -91  -45 -124  -88 -103   24  -45   63   71  114 -119   42   77  -32   90  -51  -50   68  -40   51  -66  -40  -74 -100  -90 -117  -58   40   60   38  124   97  121 -127 -119 -109   25  -35   82  -31  -49   91 -117  -99  -69  102  -22    9   42   67  -67  105 -101  -13 -123  -62   -1  -53  106  -69  113  103 -100  107  104  -91  126    1    2   80   98   82   43  110  111  103   84  -39  -16   -2 -100   45  -25  -72  -95  -20   -6 
  32   56  -28   91   41  -53  119   20  -77 -100   18   53   31  -30   23  -15 -114    5  -32  117  -39   57  -27   88   86 -109  -65 -114  -76   44    8   84  -28  108   47 -115  -72   38   34  -21   66  -76  -96  -31   23   56   82   37  -67  -78   26   23  108  127  -17   66 -110   46   80  -58  -38  -40 -102   62  -60   73   76   -4  -17  -18  104  -78   34 -120   19  -71   64  -26   94  126   24   -8   21    4   -8 -124  -58   10   50 -106   81 -115  -18  107   75   51   53   23  -81  -92 -123 -105  -42   40  -96  106   97   96  -48   64   94  104  -72  -13  -19   48   -9   51  -69  -86   74 -116  -73  -72  119 -126  107   44 
  26 -101   81   31  -78  -89  -57  -46 -111  -87  -77  -31  105 -111  -54  -95    5   55   82  124  -22 -115  -90  -76 -103  -35  -19 -112  -32  -40   61  122  -13   14   25   38   53   97  120   71 -118  -85  -88  115  -67  -14 -108   66  -87  102   62   20  115  101   72 -116  -62  -75  -99   34   14   90   28 -127  -24  -74   39  -99 -105   32  100  -95   75 -115 -108 -120   -1  -88   74   41 -113    9  -67 -126  -18 -123 -113   48  -69  -84  -45   73 -122  111   74  -18  -91  -14   11  -68 -110  -16  -35   93   -3  -15  102  124   26   48   37   41  -71   98   43   39  104   58  -40  -93  102   43  108  108   26   54  -38   64 
 -88  102  124  -70  -42  -38 -104   83   75  126   79  -27   46  -11 -114  104  -41   58   15  -65  -12  103  -30  -37   18  -50  -57  -83 -123   34  109  -83    8  105  -24   94  -61    0   49 -113   -2    0  -12  -84  117    3 -108  -51  -67   36   12   49   11  111 -116  -98  -67  -44  -53  -62  118  -72  -16   -2  -95   88  -36  -27  -40 -115  -12   86   13  104 -126    3  -21 -105   80   40   59  -36  -38  -58  -53  -26  -28    9   58   47   75   48  103  -69  -82 -119 -109   10  -18  -21   23   98  -63  -91   74  -60   40  -74  -37   -8   94 -106   84  -72  -36  -96   31   65   41  -39  -16  -12 -118  -40   48  -72  -31   67 
  67   79  -81  -38   49  -16   -1   -5   52  -89   49 -113   31   16  -91  -12   72    2   20  -25  -61  -67   65   51   49   75 -117  -31 -125  -20  -91   70  -69  -44  -95  108   68   32  -24   -7   72 -103    8  -25   41   46   91  -14  -80  -17   89  -13   44   26  -90  -34  -27  -78   63  -23   30  100  -81   90  -72  -48   70  125  113  -82  -10   57  -56  126  -96  113   44  124  -29   92  -21  -67  -49 -104   87  -10  -10  -67   40  -75   38  -58 -102   85  -96  -46  -90  103  -49 -105 -107   69   80  -35   68  112  -49  -16  108   50  -51  -40  111   28  -16   71 -110  102 -124   58 -101   42 -127  -75   -1  -95    8   37 
-120   87   60  -98   29   12   -5  -31   -3   74   81  -23   -3  -98   65  -20   59  -79  -77   77 -105  -73    8  -77   97    9  -24  -31   42  112 -122   51   72   67   81  -27  -49  -52   70   76 -105   23  -74   20   54  119 -128  -15  -87  -76  -66  -64  -21   70  -13  -51  -49   92   46  122   76   52   45   20   -9   -2  121   71   74   63   19   97  -41   73  -11 -115   65  -10   -2  106   42   60  -86 -107    3   30  -30   82   -6 -112   76  -58   69   -7   91  -68  119   84 -125   66   20   23   35  107  -32 -103  120  -95   15  -10 -117  -71  -78  -74  -50   53   84   49    8  -50   65  -44   20    6   78  -17   67   69 
 -60   70    7   88  -35  -85   67   62  -60   59   95   83  -79  107 -116  -29  -95  -38 -103  117 -117   33  -61   77  117   87  -45   67  -57 -106    9   11   93 -112  -29  -70  -69  -90  120   -1   97   88  -46 -110   67  -34  -11  100   57   14   89   68  -81 -100   17  -91  115  101  104  -70  123  -15   69   88    2  -88 -109   61  -50 -117  -67  -81   99   15  -63   38  110   55   10   39  -59  -29  -21  -11   -1  125   26  -13   98    2   45   93  116  -13   54  -10   27   73  -77  106   84  -16 -103   56 -128  -37  -34  110 -110  105   21  -41  -52 -128   76   76  125  -26  -65   95  105  108   61   93  -33  -13  -45  123 
 -68    6  101 -112  119  126   72  119  -39  -89  101  -21 -112   -6   67  -36   -6   15  -88   -8  118  -25  -41   95  -44 -108   60   51    7 -113   46   67   21   19   84   12   18   28    3  107   67  -24  -41   83   98 -102  -80  -35   41  -40   85   31   64  -84   -2 -108  -63  -70   71   72  -55  -10   12   95 -119  -32  -21   27  124  111    7   64  -41   94   19  -70  120   67   23   33 -100  -20  -63   92   24   63  112   89  122   55   34  -61  -83  -82  -94  -73   14   14   82   10   -3  -39  -54   84  -73   94 -114  -81   33   37   81   61 -111 -110   25   42   81    9    3   75  -63  -91 -113  -18  -45  -79   37   97 
  63   -8  -20  -68   81   54 -111 -119   20  -97  -72  -74   69 -119  115   86 -101   13    0  109 -106 -124   56  -41  -87   71   70   -3  121  -21  -34   56   99   74  117   53    1 -122   62 -107  -91  118  -53  106 -128  -65   65 -101   76  -63 -120   98  -59   65  -70  -17    8 -128  108    1  -21  -54  -70  -49 -107  -81 -124   22  -75   66   43  -38   56  119  -59   56  -74 -122   84 -126  -57   92  100   13   29  -98  124  -90  -98  104   39   10  -78   97   89  -57 -112   93   93  -59   31    9   32  -41    0  101 -112   54  107  100   56  -78   64   28   63  -34   59   59    4   89   35  -85  -29   86 -115  -68  -99  -99 
-103  123  -29   56    4 -125 -112 -124  104  -96   58   83 -124  -14 -123   68 -114   69  -94   73    0   38   35  -92   82 -122  122   95  -61 -105  124  -36 -110  -33 -107   22  -30  -91   26  -54  -59  -44  -99  -55   70  -93 -115   85  104  -80   30  -24   86  -63   12   40  -56    6    7   11   30    4  103   48   99  124  -57  -58  -95   97   16  -26  -74   46   47  124   81   61   81   57  109  -16  -95   67   49   46  -20  121  -76  115    4   82   -9  -20    3  -37  -24   74   33   10   43  -79  112   97   95   32   94   48  -35   47  -23  -54  -97   11 -115   81  -71   -7   74  -19  -19  -49  -64  100   59   67  -65  -93 
  13   96   45  -72 -110   30 -102  113  -66  120   34   27   39 -117  101   71   22  114   24   79  -20  -30  -67   89   49   -3   61  -20  -64  125   16   77   93  -67 -123  111   91  -97   97 -103 -105    3   52   63   14   25    6  -91   12  -98  116  120    0  -79   81  -78   46   14   30  110   11  -82   59  -23  -20   65  -40  -57   96  -71  -31  120   60 -107   55  -53   47  -67  -16  -69  -37  -28  -77   91   22 -124 -115  -60   18   44  -77  -98   90  110    7  -58   47   95   14   16 -103  111    8   85 -124  -65  -96   51   -4   16  110   87  117  -95   50   11  -91   64   79   56  -20 -126   86  -58  113  -35   13   32 
 -68 -101  -80  -43 -118   56  -85 -114  119  -53   66  -13   92   48  -54   81   82  125  -36  119   61  -85   47  -87  -82    5  -17  -97   98  124   63  -97 -105  112  -12  -95   40   31  -80   32  107  114 -109   71   34  -34   24  -12  -37  116  -20 -104  -97 -101  -63  -51   33   48  -20    3   45  -84   34   68 -100 -105  102   68   54 -106  -28   33 -120   -8  -24   42   86 -128  -97  -79  116   11  -55 -108   38   10  -31  -57  -70   78   75  103  122  -19   44 -106    4   18   90  -69   40  -65   92   48   55  -59  -38   13  -59   -7   62  -70 -124 -121  -50   43   17   47  114   75   -3   61   51   -9  -85  -33   13   47 
 113  -24  106   25   39   71  -55  -34 -116   35  107  -47  -99   41   11  -95   48   89   76  -63    9   63 -116 -122   -4   63   -2   39  -98 -117  -41 -113  -13  -63   40 -102 -120  113   -8 -108   21  -29  -26   50 -116  113   83   60   75   32  125  -44  -33 -118  -38   91   73   88    3  104  100   90  119  -41 -101   32  -14  -92   17  106  -72  -90  -50   30   88  -38   16   44 -105  -37  -52 -108   47   43  -98 -119    6  104   98 -119   80   70   99   71  -99  127  -25   15  -93  121   -6  -37  -97   72  122  120  -94   10   36  -71  101  112  -50   20   27  -20   29  -95  -44   -1  -85  -92  -59 -114  108  -29 -115  -45 
 114  -80  -52  -20   12  -20  -76    6  -28  -41 -112 -120   16  117  120   94    9   19  -53  -90   52   31   38   95   68  107  110   48  -50  123 -125  -63  -84  -48   45   56   60   98  -66  -96  -71  -50  -88   73  -61  -96   40   76   51  115  114  -25   18   24  -57  -42    4  -75 -122   82  -80 -118 -109  -36  -38   65 -108 -106   35  -46  -74   92   32  -34   37   99   -2  -51   47  -79  -64   34   24   83  -70   95  -87   62 -108  -80   17  -59  -70   36   33   20  -27   54   42 -120 -120   96  100   41  -66   10   12   60   87  -68  109 -104   94    5  107 -104  -27 -108   87   -7  -60  -24   62   -2 -116  -32 -110  -14 
-106   60   -6  -98   28  -33   71   90  105  -44   22   64   16    3   88  -18 -119   67    6  -18   88  -35  103 -100   69   38   27   82 -122   45  -60 -100  -22   62  -70 -122  -99 -126   97 -122  -42   -9   71  102  123   31  -44 -124  -29   90  -14  -69  -72  -39  -41  125  127  114   79 -123   32 -109  -95 -118   82  -36 -112  111  -34  113  118   52  -23   61   26  -28  -36  110  -24   63   72   90  122 -128  -77  -46  126  -77  -60   77  -72  100   97  -38  110   51   54  127   34 -108  112   24   72  -39  -43  -30   61   50  -48  -91  -15 -104  127  -20 -103  -77   62 -105  -26 -126  100   30  103   69  120   85   -8   46 
  84 -101   66   69   51   10  -98 -119  108   92   59  -68 -127  -84  -43 -127   24  -18  -76  -42    5   26  -39  -23  -72  -64  -81  -79 -107   39   95  106   66   34   47  -10  -84   77   -1 -103   41  -70  -43   43  -26   42   44  127 -104   96  -43   29   -6   46 -121   50  110  -74   99 -124   93   67  110   32  -27   29 -106   17  -22   21   42 -108   79 -128   63  -75   42  -21  -76   67  -53   10  -32   69  -72  -25   -9  -89   29  -37  -85   -5  -98 -103 -101    3   54  -79 -108  -96   70   63  -76   21   63  115   74  -23  -34  127  -84   41    9   13  -18   65  116  102  104   18  -63 -109 -115  -33  -84  -88   98   98 
 -39  118 -125  -97   53  -73   52  -12  -85   -2   94    9   -3 -118  -77 -122   23   33   72   12    7   48  -98   72   68  -85  -89  112  -45 -119   83   44 -128   86   75   53 -115   -1  -86  -72  125 -120   66   -5 -110  117    1   42   22  -55  -74  -98  122  -44  102   62   -1 -114   46   82 -105    1   -2 -105  -41  -55   77  -27   72  119   29   69  127  -33  -64 -111  -44   66   59  107 -117  113 -119 -123  -59  111   67   68  125  -14   22 -107  115 -108  -84  -53  -35  121   48  -91  112  -51  107  111   45  -85 -127 -127  109   60  108  121   46  117  126  115  101   66   56   98  -76  -50  119  -89  -29  -92  -14   64 
 -99  -94  102 -114  -16   81  125  -99  124  126  -98  106   59 -117   99  -23 -128   97  -36  101   35 -108   72   87  -29   63  127   70   99  -15    6 -127   20  -20 -113 -124  -67 -116  -95  -70 -117  -65  -92   70  -54 -121  -81  -53  104   11  -80   12   32  120  -29 -125   56  -30   73   27   84  -49   28  -24   60   43  -20  121   56   13  -77   67   76  -41    9 -105  -34   56  -30  -57  -61   18   83   99   11  -74  102  -61   25   47   94  -19  127   -5   85   59  -90  -63   52   94   78  104   33   26  -65  -86   49   30   98 -109  101  -90   38   56 -119  -79  110  112  -12    7   31  -46  116   30   77   73  -39  116 
-118 -114   82   88  118  -12  -13  -75   30  -92   83    1  -72   56   39   94  -16   48 -113  -33   32    3  102  -64   85   91   94   35   36  -72   23   47  -58  -23    7  -68   93  122  -15   -4  -97  -59  125  -41  125   36  -75  -18  -44  -60   77  117   71   51  -75   28   14 -109  -65  -77  -53   86   98   17  -64  -23   77  -99  -28  -65   25    3    4   22   90    1  -70 -113  111   15  -45   60    4 -102  -16   57   54  126   76  118  -79 -104   76 -109   41 -116   -3   -9  -86   97   54   67  -28  -70  -38  -66   59   20  -51   43  -93   32  -25   39   58   87  -32  -16   86  -83  -26 -121  -59  -77 -101  110  -65   24 
 -27  -23   -7 -101  -83   93  -43    7 -101 -111 -101  -24   60  -65 -120  -93  102   66  123  -57  -78   81  -12   25   88   57   76  115   39 -117   11 -115  -11 -124  -88   34   97   -2  -87  124   15  -60  -28  -53    3  -20  -18  -22  -82  -23   49  -31  -70  -91  122 -109   94   70 -122    5   81   18   18  -58   22   59  104   -8  -71 -111  -12   72  -42   89 -109   89  -59    1  -61  -12  107  116   85  -91 -103   79  -72  119   21  -65   -3  -26   81 -113   45  -25   74   21   95 -125   39  -44   75  125  -83   94   86  -14  -32 -102  102  -53 -114   59  -16  -88   10   41  -97  -97  104   28    6   57   44  -77  -96  -10 
  72 -128   -6  -17  -44  -59  -20    1  -92  -61  115    4  -35   90   79  -21   21  -65   19  -96  104   51  -65   80  -49   69    9  123  120   42  -14   65   42  108  -80  126  -79   29   -1  -43   96  -14   89  -67  -52   40   40   98  104  -68 -126   80  111  -63   33  -66 -121  -86  -70  127   84   44   64   -2   24  113   -4   73   14  123  -97  -18  -18  120   43   58   33  -45   28    9   15   30  -39   -2   96  122   61  103  -91  119  102  121   35   39   -8  -69   24  116 -124  -90  112  -93   20  -34 -100  -65 -104   61   18   53  -58  -94  -45   31   32  -77   26  -35 -102   63  -44 -127   56  119   40  -80  -78  -64 
 -91  -73  -26 -107  -38  122  -13  -10  -71   11  -77   75  -64   -7  109   20 -103   14   71   51  107   98  -14  -64   99  -86  -73   11  -37  -22   75    0   33  -79   21  123  -85 -120  -14  -28   19   37  -81   84  -97  -99  -24  -72   43  -81  107   22 -111  -35   86  116    7 -114   -1   98   -8  -54  -30 -103   -5  119 -108   38  127    6 -118   19  -84  -70  -25  -53  -41   79    3 -126  126  -18   24 -112   75  -17 -124  -46   -3    4  -75  117   78   23 -114  -54   15  -94  112   14   41  123  -95   85  -75    8  -96   12  -41   35   14  -42 -111  -90  -26   92   21  -22  -82 -110  110  -29 -121   61  123 -107 -121   10 
 -72  119 -104   97  114  -70   54  -89   66   86   51 -102   -7  -63  -16   10  -24   86  -26  125  -64   20 -112  -81  120 -105  108  115  -83  115   -3  -27  106   21  -58   93   79  124 -124   18   82   56   44  -53  121 -100   85  -31  114  -69  -33  -78   79  -17  -31   71    6  -51   58   51  -64  -73 -104  -85   77  -34 -120   28  -38 -116  -82  -84   68   90   -9   62  118  -52  -97  104    7   -2 -101  -41  109   -4  -98  -12   74   89  -89 -118 -112  -64  -75   93   30  -67   -6  121  -54   40  -91 -114    3   29   76   -7  105  108  -30  -15  -22   -3   72  -40  121  102   76   67   63  115   78   80  -77 -125   45   82 
 -63  -89   75   11   80  112   25  -45   13  -26   76   -9  -46  -82  104   60   43   48 -108   37   22   96  -24  -42   84  -74  -90 -121  -70   83   89   -5  123   36 -122   75   21   31  -98  -94 -123  106   25  -41 -103    1 -108   68  -79  -88  -23   72 -119   82  -98   93 -120  -60  100  -62 -105   62   61 -110  -30   67   93  119  -29  123 -102  -24  102   51   64  127  -75   84   67  -26  124  -83  -82 -123  127  -52   98 -121   16   71  -54   40    5 -121   58  103   75   24   95  -82   19  121   22   -7   44  -42   -8   97  -86  -68  -56  -89  -23  -10  -84  -24   67 -113  -17  -45   86   57  123  -37   65   54  -62   12 
 -50  -95   58   97 -102  -48  -37   71   39   83   40   81 -113  112  120   -8  -25  -91   96  -86  -76  -48   -3 -118 -119   -7  -27   74  -81   39  -42   -3   73 -112  -34   99  -31   57   42 -120   13  -45   89   28  -61   82 -107   42  119  117   84  -85  -59  -46  -75  -49   75   26 -103  122  -63  -16   -9 -118    0   85  110   97   15   24  105 -100  107   67   56  -81   21   77   89   12   67   46   55 -120 -128  108  -41   75    6  -15   69   71   97  -68   82  -31 -111   64  -61   32  -40  -84   60  -60  111  -11  -13    4  -62  -52 -112 -123  122   71 -114  122   51  -27   69  -71   86   10 -127   55   70   83 -103   88 
  19  -36   -8  107    8  -75  -81   -8   42   34  124  108  111 -115  114  105   84 -128  100    8  -27   41   65  -68  -76   66  115  122   21 -116   82  -88  -24  -53 -108  113    0  -61  -23  -86  102  -27 -106   85  -14 -120   62  -57 -120   34   79  -18  -52   16   42    0  -45   29   -6  104   42  -51 -111 -110   24  -91 -125 -104  -24  -20  -62  -50   82  -40  -93  -60  -31   98   11  -23    4  -38   87   80  107    1  -48  -66  -97   75  -90   73 -104  -73   91   48  -36   95   72   69  -53 -118 -109  -99  -30  -73  -30   67 -103  109  -83   29  -56 -124  -18  -77    6   62  -15   37    9   23  -18   33   79  -55  -47  -85 
 -88 -103  112  -12  -93 -124   17    6  -69  115  -55  -44   97  -10  113  -87   -5  -33  -36 -127  -98   77   38   39  -28 -108  -55  -77  -35   26  -33    6   52  -49  122   87  -45   11  -35   14   -1   39   98  -32  -99   84    9   24  -77  101   25  -47   50  -65  121 -106  -45  -62  -54   49   92   41  -73   16  120  -79  -24  -52   60   69   90  -69  -20   61   27   10   17  -92  -94   68 -119   60 -106   59  123 -113   82  -49  -47 -100 -128  -83   69  -73   62   61  -24  -90 -119  -92  107  100  -32  -40   33  123   98  -78  -96 -124  118  -87   64 -116  101   60 -101   55 -117  -20   83 -117   26   24  -62  -40  -43   42 
  -2  -33   78  -23  -61  -82   65  100  -86   35 -106  -54   40 -116  -13  -24 -103  -40  -92  -76 -113  -81   33   98  -70  -69   -6   -4   19   80  -90 -111  -81  117   -6  -14  -93  -68  -42  -51   95  -20   23    7   -8 -117  112   17  -29 -108   70  -13  -60  -25  -43   -2   34   80  123  -75   32  -95  -58   79 -106   64  -63  -70  124   23    7   92 -125  -97  -29   -5  -86  -45 -115   13  -24   83 -128   44  -70  -42  -86   92  -90  -91 -111   70  -57  -41   21  -35 -105   86   23 -108  -19  -97  112  -16  -66  -45  107  -24   39  120  117 -113   75  118   59 -123  -52  101   97  -14 -117  114  -72  -46  -55   77   47  -31 
  35  -57  -11 -112  -26  -27    0   36   56  -21 -116  -33  -28 -127  -18  -81  119  -87  -75  -61 -113 -106   53 -102 -119  109  -20  -46   58 -101   51  -35  -30  -88  -19   72   13  109  -20  -58  -39   -8   37   61   -6 -108  108  -15  -67  -95   53  -52  -72  -22  -26  -63  -40   82   19 -110  110  -57  -16  -48  -17   93 -103  125   75    5  -61  -92  126  104   97   -8  124   77  105  -70  111   30    6  -89 -119  109  -24  -31   63  123  -13   45  -62   99  126   50   65 -105   47   12   28  114   48   26   90   17 -110   87  -34  124 -111  -51   26   23  -12   35    4   92 -124  -60   88   -8  113 -102  -37  111   76 -100 
-122   -5   40   35  -19  -40  -67  -56  105  -48  -97  -56  -52  -80   21  102   71 -118   10  -52  102   14   16   62 -122    1   89  -30  -15   37   -2   -9  -95  -89 -102   14   -1  -40   86  -23   40  117   49  116  -91  -58   90  109  -48  -28  -71  -73  115   73  117  121  -54   78  -37   59  -12   90  -77   21 -127  -51  -93    0   37  122  105  -51  111   26  -63 -107   97 -100 -126  -79    0  -69  -24  -13 -124  -34  -19  -50  -84   72 -118   32   34  -67  -75   35   10  -39  -92  -80  -45 -115   -3  -62   40   63  -41    9   91  -39   58  -37   20  -93   79   24    1  -68  103   45 -124  113  -50   39  -82    3  -54   56 
  92  -18  104  -81   -4  -26  -14  -92  -91   73   45 -128  -93  -25  -37   55   10  -86  -48 -117  -26  -73   57  -21  -88 -121 -110  -42   10  -36 -114  -25   75  119   22  -57  -35 -120  -21    2   82 -104    2  117   -1   93   44 -118 -120  124 -107  -18  -77   78   89  -37   85  107   49  -32  -56   64   71 -109   55  -35  -38 -108  -26   69   22  -72   93 -104  -83  -36  117   89  -26  125   86   -4  -20 -119  -54  -59  -27  -96  -79 -106    0   -7   86  -57   12   13   36  102   33 -118   43  -73  -62    8  -49  -17  100  -59  -55  -53  -62  -97   71   46  -88 -111  116   13  -79  -91   36   49   30   -6  120  -86 -120   29 
-112   41   39   59   97  106  -61  -80  -39  -89  -11   34  -14   56   65  -71  -26  106  -53  -38   -9   -4   -1 -101  -82  -99   22  -90  -57   30   67  -41  -57  -21 -110  -88  -43  -43  -39   46   -3   78  -47  111    6 -110  -87  109  124  -12  -57  -12  112   71   15  -98  100  -91  -59  -84   67 -120    3 -117  -13   22  -77   72  107   12   -9  -24  -37   72  -40   97   90    1   78   87  117 -106  -53  101   93   90 -124   65 -128  -55  109   67  -47  -15   78   69 -121 -126   13  114   14 -124  -37  105   76   51   75   39  -76   25   -2  -87   47   73 -114   12   35 -110  -50   35  -37  -69  -25   45   44  -75  -14   51 
 -73  127   38   70 -124 -127   47   80   52   -6   -9  104 -108  117 -111   67   62  -97  -48  -30  -78   30 -123   13   89  -20  -70    6   34   44  -71   89   44   95   31   48   96  -49    0   20   73  120   -4   93  109   13   33   44   45  113 -114   95   15 -109  -20  -24    0   39  110  -94  -45  -88  123  127 -121   27   47  104  106  -80   -4   51  -88  121   17 -107    6  -78   65  -77  -93   79 -110   50   99   -1 -102  -29  -90 -119    5   -7  -79    0   -7  -72 -101  -88  -96 -123  -40   29   57    0   22  -54   22 -100   -4  -41  -48   31  -89  -30  -47 -118   97  -21  -19 -121  -12  114    1   37  -14  122   94   14 
 -94  126   19   -5   27  -52  123  -79   22   17  -50 -110  105   30   49 -112 -128 -126 -102   98  -18    7  105   98   -7  -22    8  107  -28  -26   -7    7  -28 -115 -126 -128  -39  125  -79  112   15   -1 -126   -8  -99   52    8  -98   54   34 -128  -92  -87  105 -121   34  -44   15   13   56  117 -121  -65  -39 -108  -63  -39  -19  -65   11  -35   78 -118  -32  -58  -88 -108   78  -58   74  -16  -58  111   25  -81  118  -69    3    5   72  -68   -6   79   -5   83   99   61  -83  -47  124   56   46   74   66 -114 -112  106  -94   94  -80  109  -50  -10   92  103   38   82  -94  -87  -41  106  -27   81   58   97   36   29   30 
  81  110   26    9   29  -28  -52   43  -12  -74   78  -46  -25   59   32   93   23    7    3  -23   41   45   64   19 -110   17  -51  115  -75  107   17 -121   89  -85   16  -10   15   92  -94 -125 -109  112  -43   -6   43  117  -41  -62   -4   91   43  -91    8  -21   57   26  124 -122   14  -79  113  -97  -72   75  -53   73  -63   90   37  -29   94   56  -45  -77  -78  126  -87   10  -64   37  -27  107   75  109  -42    4    7  -46   10 -107    4   -4  -75   60  -57    0    5    8  -38  -85  108  -72   99  -65  -20 -106  -66   21   32   -2  -70 -123  -22 -123  114   64    9   -7 -109 -108   15   23   16   68  -45   87  -60   89 
 -33   30 -124  -53   87  103   11  -61  125   73   88   29  -57 -110   34   49 -104   20  -14   33 -114    5   53   29 -100  -59  -31  -17 -100   37  -56   -4  -61  -52   71 -102  -76  -46  -35  -79 -101  -75   79  -29  -56  -15 -108  -32 -122    6 -127 -108 -117   55   49  -89  124 -110   23 -103   55   95   21  122  -84  -36 -107  -32   47  -14   17   74   40  -32  -83  112   82  -62  -48   88   72  -47  108   84 -120   29  123 -123   47   18  -98  -26  -14   51  -32   30 -113  -11  126   62  104   15    9   16  112   54    0   66  120   80   26   65  -95    6   21  -86  -93   16  -81   82  -93  -51  -72   21 -128   24  -77 -113 
-114  -79   78  118   64  -41    6   48 -115 -122  -14 -122   86 -116   71  119   18  -36  -95   53  108  -48    7 -113   29   63   36   29  -40   87   45  -26 -120   -5  -36   73   82   98   -7   95  104  108  101   62  120   44   53   11 -120   87  -64  117  -89   72 -124   69    7   41  -30   95    0 -113  -59    9   10   33  -46  -36    3   75  -68  -21   55  -95  -87   48   78   95  -69   86   54   -5   75   93  -61   80   34   75   -7 -123   42  121 -108  112    2   31   17   84  123 -107   32  -73    0  -41  -39   42 -121  -89    9  -62  125  -65   62   73 -100 -127   25   63   76 -110   68   -9 -117   88  -25   14   -9  120 
 -30  -13 -115 -126   42   14  -38 -125  -72  -31  -86   65   36  -88 -128  -30  113 -100  -29   10   91  -80   28   31   39   39   -8 -114  -75  111 -122   24  -30 -108   26 -115   34  116 -112   90  -42  -69   27  122  -29   27  -36  -44   55   63   94   19  111   -6  -78   22  -95   42   36  -41   26   43  111  124   63    9 -119  -31   -2 -102  -69   84  -43   86   78   56  -15  -86 -116  -88  105  106   59   89  -28  110  -17    5   24 -108   92  -78   63   75  -81   -2  -43  -72   95   83  -46 -102   39   39  112  -11  -33  -31   31  -21    9    8  -43  -59  -31   57  -77   81  -65   75  101 -101  126   36  103  -83  -94  -68 
 -27 -127 -113   56 -101   54  -33 -117  -85   63  -20   74  -86  117  -46    0  -70   52  -71  -19    5   -8  -71  -22   20  -73 -114   -5  -28  -80   55   73  -79   70    1  -52   -4   97  -41   39   32   67  -15   74   56   67  -54  115   -9    4  -32  124  124   25  -26   16   80  -12 -117  -76   36   66  126   85    8   -1  -95 -124  -32   -8   43 -128  -69 -100   75  116   96 -107  103  -41   25  -57  -44   22   97   58  -90   49  -81  -78  102   83  116  100   41   -3  -29   74    1   68  -61  -83   68   -2  -55   15  -14  -87   37  -39    1  -66   33   85   84    2   15  123  -77   62  -83 -103   18  -95  125  -69   30  -31 
-123  -96  -91  -56  -51  105   71   22   -7  -71   64  -98   19  -63  -36  -76 -106  -79   54   37  -84  105  -28  -39 -125  118   -6 -128  -79 -103  -31  -74  -71    6   -1    6  -16  -58 -100  105   -1   92 -121 -110  -99  -29  -58  -77   20  124   89   64  102  -67 -103  105  -77   20  105  -28   45  -53   26  102   81 -103  -20  -63  -33    8  -86   95  -27  -79  113    2   21  -72   54  -87  -76   15  106 -102   76 -125 -125  127   23  109  -29  -60  -72  125  -86 -119 -105   22  -53  -10  -97  -11  -43    4   39  -57 -122  -68   -1   60  -27   51  -53  -49   78 -105  -45   81 -106  106   62   -7  -81  118   -9  -39 -128   14 
 112  -53 -124 -113   64  -38   19  -25   33   25   35  -96  -42 -119   83   33  -40   33   57   43  -13   79   22  -79  -55   69  -88   64  -98  -88  -50 -114  -13  -46  -99  -77   44   48   27  -51  -54  -66  -19   32  -57  -63  -63   32   98  122  -53  -43   74   97    7 -109   38   47   83   69   87  -95   83  -54  -13  113   -3  -96   33 -104  -19  107  -41   91   11   30 -100   77  -66  126   71   10  -44   17  -21   91   36 -110   10   -9   87  -31   24   42   43 -116   27  -88  -84  -67  -63   25  -88   24  -12   52  -74   16    1  -11   15  -56  127   99   90  -22   62   -2   -4  -56  118  -45   41   14  126  -44   26   25 
  -4   70   86   61  -32  127  -43   84   51   12  -27  -76 -127  116   -4 -128   87  -42  -22   21   85  103   93   75  -70    6  -39  -72   90  116   82  -42   58   40 -108 -102   39  -23  111  -38  117  -44   14  118  -56 -117  118  -97  -31  -31   52  -74  -56   17 -127    2 -105  -37   59  113  -49   13  -57 -119  -75  -37  -92   93   69 -109  -73   58  -25   70   49   47   81   39   78  -78 -120    2  -23  -48 -109  -22   83  -86   69   14 -101 -108 -101  -30  -98  -48   62  -62  -83    3  -43  -27  -67   60  -85  110  -21  124   22  -71  -82   30   59   23  111   78 -126   66  120   71  -48 -109   92  -21  -11  122   59  -77 
 -68  105   54   17  -50  116  -51   -7   98   56  -11   -8  113   35 -105   44  -69 -122   -6  -67   72  -14 -124 -104    5   96    3  122   90  -66  -82 -106  -89  100   39  -11   88  116  110   59   44  -29  -77   29 -121  -54  -55  -62  -48   67   -1 -104  -75    3  -80   58  -28   51   53  -66  114   99  -43 -103   71  124   15   32  113   -3  -37   29   97   14  -69  104   89    4  -86  -87  -56   41  -62   -3  -84  -14  -72   16  -90  109   79 -104   80  -92  -79   23  -96   64  -73 -111  -66   18   47  -97  -95  106 -121  122  -18  -79  -93   54   90  -27  -76 -122   88  -20   23  126  -39  -26 -106  -87   10  -57   64   42 
-120  120   60  -58   10  -21  -27   43  -43  -20   37   67   29   73   -6   -9  -82   46   -3 -122 -102 -108 -124  -13   -6 -102   28 -124  -30  -36   47  -22  -44  -21   48   95   86 -107   10  -85    1  -80  110  -98  121  -24   21  -89 -106 -110  -82  -80  -89  -78   35   33  -51  -65   38   47   28  -43 -103  112   64   73   79   22   94  -38   65  -33   10   47   -3    3 -104 -110   42  -82  -92   88  -33  -53 -117 -126  109  -40  -62   19 -121   94  104  -96   78   40  105   30  -66   71  120  127  -90    2   46   35 -123   70   53   47  117   89    8  -44  -91   19  -42 -110  107   24   37  114  -10   13 -110  -59  -75  123 
  99  -13   66   91  -14  104  -35  -96   11  -30  103  -64 -111   92 -103   25  -80  -66  -84    6  -48 -105  -97  117 -119   21    2 -101   90   55 -106   61  -86   88   24   28   64  117   61  -53  -41   36   11  -23    0   37 -126   48   99  -81  -74  -76  -58  -43  -87  -48  107   44  -21   69  -29    2    3   14  -38 -101  -86 -101 -111  103  -26  -24   11  114   81 -117   23   84   59   -6 -125  114   46  -55  -57   88   25  -78    4 -123  120  103    7   -5  -11   97   22   32  124   39    7  -29 -112 -109  -43   97  -98  108   53   90  -26   56   76 -107 -126 -109  109   27  -58  -15   32  -66  -40  -89   57   78 -119  -49 
 -18 -123  119  117  -24 -121 -120   61  104  -89   41   30 -127 -112  -42   77  -91  -40   96 -110  116  -90    3   20  -28   91   60  -99   41   69  -19 -105   74  -28 -115  -77  -21 -107  112  -45  -68   26  113  -67   42  -56 -118   79   32  107   97   20 -111  -28  -87  -10  -65  101   19  105   42 -128 -128  -12  -28 -115   39   79  -93   24  -93  -33  -78 -108   29   92  -36   39   43  125   18   12   17   36  112   58 -102  -81   31   45 -104  -55   46 -103   62 -110  -90  -27   98  -55  125 -123   41  -81 -103  -58 -117  -10  109   54  -13    0  -62 -124  -92  -78   63  -66  -30  -34  107   -6   40   25   19  -26   44   58 
  75   14 -125   73   19   44  120   44  114 -124  -94   96   58   21  -32  125   26    4  -81  -39   66   17   55   45 -116  -33  -57   31   69  115  -39   17    1  -35  -38 -108 -119  -46   64  124  -42   99   92 -111   -8  -68 -114 -110   64  -67  -21    2   79  -93  -81   91    2  -10   -6  -56  -23   84   89  106  -79  -77  126  -70    5   63  -74   92   34 -110  109 -102  -50  123  -83 -114  -72   24   16 -121   59   64   98  -66  -74  -35    6   32  -79  -33   10  -30   18    9   28 -105  -56   83  115  106  101   96 -124  -76   91  -79  -62 -108   74   83 -101    5   19  126   67   73  -37  -55  -23   12   40  116  110  -70 
  -3   10  -46   69  -35  -59   47  -61  -90   51   -9 -127  101   57 -107   47   12  -79  -76  -97  -81  120  105   10  -63  -46 -106  106  -58 -124  -92   67   14  -10    8  108   60  -73  -81   98  107   38   99   80  -33  121   -1  108  -86   51 -117  -39   43  116   99  109  -57  121   87   13  125  123  -47   11  -14   89   -9  -82 -111   38 -112  124  -52  115   76   44  108  -53   24 -106  126   35  -17   42   24  -46   23   95  -53  -18  -20  -56  -23   61   84   91   23  -53 -119   40  114 -103   36  -66 -115  -16  106  121   59    2 -112   57  -90   -1  -29   62   82  122   29  -99  -24 -119  -26   82   71  -70   45  -34 
   5   55 -122   -9   80   42   54   93 -102   32   87   85  -93  103   14  -55  -26  114 -121  -72  108   36  -42  -43   45   60  -89  -12  118   84   82   -5   11   88  115  -36    2   41  -71   28  -55 -112  -15  -20  119 -128   53  -34  114   60   22   94  -32  108  -77 -114   40  -38    2   30  -81  -43 -102   58  -83 -115 -106   48   54  -48  -52  127  -32   62  -20  -40   62  -95   54   48   94  -52   14  -66  -71   66  -52   97 -100   79    0  -53  -92   26 -122  -47   39 -100 -127  -35  -20  -50  -36   77 -116   72  -91   74  106   91   -6   72  -89 -120 -122  -32   74  -45  -62  103  -94   66  -78  -58  -36  -72   23 -125 
 -43   25  -32   65  103   60   14  115    5   51   61  -17   14  -73  -73   54  -65  -67 -106 -118   16  -40  113   50 -102  -93  120  -10  -36   16   -7   49  -87   89  -14 -112   22 -127 -125 -101   52   64   10  -61  119   65  121  -74  126 -113  -64   15  -24  -79  -63    2  -43  -70  121   49   74  -14  -30  115  -52   84 -125   98   85 -122  125   10   70    7   77   61  -56   70  115  -58   85  -76   85  -67  -27 -105   64   58  -47   57  -21 -101  -85   77 -114   -9   34 -111  -39   -9 -105  -42 -127   93   93   78   26  -91   20   13  -20  -22   65  -63   39  -89  -40  -25   97   41  -96  -51   68  -52 -102   82   67   60 
  99  -99  -76  122  -13  -75   87  -47 -124  -15  -10   24  127   98 -126   64  -92   42  103   -4 -111   73  -90  -78 -106  106   -2  -80   61  -63  109   32  -34  -95   27   82  -42  -14  -93  -38  100   25  115   99   -4  117   35   32   31   11 -100   49  -44  -62   99  -22  -83  -31   26  106   34    7   10 -127   40  -91   83  127   24  118  -39   -4   15  -52  -33 -117  -62 -126   43   97   13   72   18   97 -118  -11  -53  -73   86  102  -95   -7  -19   44   -6 -106   81  -51 -107  -23  -61  -18  101   82   59  -60   94  125  -57    9   94   84  -47  -15   54  -36  102 -127   19   61  103   53  -74  -43  -31   48  -21  -78 
 125    0   28  -64  110    1 -110   41   70  112   38 -115   -6    5   97   75  118   23  -89   92   25   59   25    0  -16   79   85   81   -1  -64 -125   -4   64   31   60   47  -95   79  -40  103   63  127  116  -71    4   85 -123   -6  -19  -84  -42 -122  103  112    6  -41   63  -36  -88  -65   28  -84   59  -35   75   -8 -116  108  -57  -28   83 -122  -29   71  -64  103   29  -59  -31 -118  -15   56 -112  -39   40   22   48  -25  114   89   38   15 -123  -30  108   80   90  120   61  -95  -36   16  -89   64  -40  -25   39  117   44 -119  127  -98   65 -113   -9  -23   37  -89   80   24 -128   -9  -89 -123   89 -109   86   51 
-117   19   84  -25  -93  123  -89   -5  -29   79  -16 -113   88  -17  -83   25   -2   36 -126  -92   76   82   60   76  -55   99   82  -94  118   40   85 -127  -69   41  -24  -34   37   16   90 -120  -33  -54 -105  -73   58  -59   80  -72  105   82  -36   53   36 -104    2  110  123  -44 -112  113  124  102  114  -73   15  -37   21  -76  107  -17  -68  -54   58  -44    1  -12   25  -47   44    2  -93 -119  -72   71  -95   58   53  -99 -114   70 -114 -118   44 -127  -63  -69  -36   86  -16  -57  -58   44   17 -128 -128 -110  -12   25  -29  -96 -100    6  -87  -44  -51  -53 -114 -125  -24 -100   73  -10  -90  -11   -9  -25   48   83 
 -67  -96 -102    3   77   43    3   77   61  119  -25  -96 -104    3   38  -63   87  116   12  101  119  116 -127   64  -21  -89  -75   98   14  101   54   75 -122   80  -49   83   -4   82   32  -71   74 -121  -38   98   10 -128  -93  -31  116   48  -58  107   36  -57   43 -113  -18   96  114  124   70   40   72   76   -8 -105   31  116  105  -65  -82   51  -57    8   21   81    8   57  -77   -3  -23   -7  -24 -115   65 -108  -99  -81  116 -113  -84   58   55  116    6  -81 -117  -91  -92  116  -27  -46   40   44   90  -67   -3  -30  118   48   95  -33  -86  -56  -19  107  -36   10 -102  -48   25  -58 -117  -48  -70   17   -1  -59 
  55   35  -70 -100  117   98   72   79  -97  -59  -78 -106  118 -111  -11  -96  -39   98 -117   53  -20  -91 -122 -123  -20 -111  -43   38   34   85  108  -39   -8  -90  -11  -18 -120  -67  -67  -89    3  -17  -67   -7    1   51   25   90   21   36   16 -126   73   22 -121  -75   39  -35   92  -55  -78   72   35   42  110 -104 -104  118  -42  -42  -99   89   69  -37  -46  -58 -114  107  -95   35   15   49   37  -40  -57   45   14  110 -118  -22  -73  -68  -78   90  102  -96  115  127 -106  -55  -43  -77  -94 -102   14  -12  -31   28  -33    2  -64  110  -77  101  -58   -6   18   84  -24   28  -66   31   88  -16   -6   63   16  -19 
  62   38   54 -109   90   88  -83  -24  -52   14 -123   43 -112  -59   25  -61  -86   95   61   61   52  -91  -39  114   69  -78  -29  -65  113  115   44   47   26  -30   66  -12  -70  111   92    6   -2   97  -79   14  -90   74   82  -47   41   15 -114  -35   53  -25  -48   -6   25   51   57   10   38  -27  -71  -64   71  123   52 -127  107   17    7  -23  -14   56  119   25    2   73  106  -85  -39  120    9 -114  -33   89    8  121   12  -63    3  -78   38   61  -13  -19   56  -89  -18   35   56  117 -116  -85   45 -124   68  -81   77   46  -38  -90   38   99  -76 -123   60   60  126  -56  125    2   -5   35  -65  110 -112  119 
-107   -2   27   78  -13   39  121  -96   43   61  -49   -7  -21   42   31 -111   13   84 -106  -54   16 -107   18   14   23 -115  -79   86  123  -62   77 -111   64  -24   95  -76 -112   88  -44   59   21   36  -76 -128  -50   84 -111   91   40  -89  -91  -72  -68   56   70   83   69  120   41   65  -70   -9   82  122   95   49  -82  111    9    3   43  -98  -89   95  -98  -11   51  -81  -48  -37  -42  -10   20   19  -82  -38  -26  115  -46 -112   52   12    7    6    7  -26  -73   53  -42   64  -72 -127   94  -33   96  124   84   20  -85  -91  111    2   27    3 -107   73   94   -5   60  -80   11  -15   61 -110  119  -60   -7  -81 
 121   79  111  -78   80   78   17   48   74  -26  -60  118   11  -76   -8  -90   55   13  111   21 -120   43   70   20 -100    3   38 -108   71  -97  -61   64  110  -78  114   62 -128    4  -17   75  106   51   65  -11  103  -71   27   31   70   10  -76   78  -75  122  -30  -46   -3 -119  -26  -60  -88   41 -123 -105   91  119   85   92   -5  -60   39  -27  120  -24   90   95   33  -11   -2  -25  127   51  -75  -75   45   24    7  -85   33  109  -17   73   22  -12   96  -15  -20   54  -51  103  122  116  -51  114  -36  -89   82  125   29  -48  -28   28 -125   26   81   49  -78  -40   92   83  -59  -53   28   91   64   -3  -51  -84 
 -77   26 -109  -83   15  -32  -96  107    8  114  105  -91  -62  -51   65  -58  103   19  119 -103  107   83  108  -79  -98    9 -116   94 -122  -39 -118  -71  116  -98  -26    3   -2    6  -18 -122   -8  -41  -85   59   37  109 -127   12    0  120   38  -21   75   18   28  105 -101   41   72  -95 -126   82  -38  118  112   65   -7  -17  -57  104  -11   64  -65   33   -5  100   14   -4  -15 -114  -12 -105   -7  -65   41 -106  -88   69   63  112  102   65   67  -63   56   51 -126  -79  -94  -55 -103   24 -119  -39  -71    4  -67   71 -128   46   85  -12   69  -50   51  -17  -28   92  -76  -93   76 -102  101   15  -37   29  -61  -35 
  78  -27   39  104  125   48  -63  -74  -75   -2  125  -75  -83   82   42  114  -95  -35  -31    5  -71   21   41 -122   48   14   21 -117  -85   88  -23  121  -66 -112   97  -69   64  -94  -14  117   33  -17  -85   78  -62   85   64  -29  -78  -94  104  -20   55   17  -14  -25  -97 -121  -13  -54   96   92  -60  -98  108  -91  -39   44  -56   75   34  105  -69   77   55   -3   34   -9   96   84   25   72  -64  -47  -38   50   56   -7   58  -85   68   26 -121 -120   56  115  -83 -111   32  -11   93  -62  -34 -104 -113 -107   21   49   13  -11    5  -90  -67   70   -9   23   -8  -80 -111  -78  -37   85   76  -29   93    4  -42 -118 
  22  118    0  -13  -72   94   11  -57  116  -96  120    1   21   -2   39   82  -60  -97  -22   60  -49   -5  111   42  -48   59 -115  -83  -64  -28  -73   86  -38   55  -55   19   22   84   90   10  116   83 -117    9  -47   50  -37   21   81   69  -47  -96  -64  -64   75   16  124   88   61  -68  -68  117 -110   23   44  -37  -86  -62  -81 -124   76  -93   87   87   44  -88   10 -121   61  -37   77 -113   -4 -115  -49  -57   30  -53  -97  -37    7  -36  -48   25  115  125  116  -99  -65  -93  -95 -116  -58  121   99  114  -95  -19  122   95   73   71  110  -59   84  -67   12  -14    9   43   78 -112 -121  -98   42  122 -101   30 
-105  -37   66  -71  -25 -120  -78  -54  123  -45   56  117  -78    1   60  -96   70   16  -34  -46 -125  103  125   81  119 -123  111   33  127 -117  -64 -105  -26 -126  -48   77 -118    2 -105 -123   85   79  122 -120  -48   54  -88 -106  -57    6  -24  -54  -19  -26 -101  -27  -21 -118 -122  -22 -107  -58    1   -5  -56   81  -56  -45  -45  -32  -40  -87  -81  -45  -79    0 -119  -39   22  -48   96  127   26  -51  -27   53   50   80   64   57  -70   85  127   60  -47  -56   13   25   27   97  121  115 -118  -87  -58  -69   41  -48   20  -65   32  -12  -66  -69   66   35  112  -12  -13   48  -83   46    6  -83  -22   87  -11  119 
 -16 -112   88  -22 -125   98   19  -54  -99  -68   26   50   -5  -70  -90   58  -11  104  -35  -26  -35   81 -106   10   -1   28   55  105  -13  -84   96  100  -68   57  -50  -64   27   97   10   57  -99  -92  -21   24  -34   17  -46   84   -6   48  -70   87    1  -48  -31 -128  109 -103  105  -32  -59   73  -60    2    2   18   66  -98  -13  -52   87   16  -16  -62  -87   78   83   -5   34  -51  -85   92  -92   44  -83    6   44 -102   31   21   -6  100  -33   63  -26   97  -47  -88  127   69  -12   86  -43  100 -104   -2   51  108  122  -43  -71  -91  -78  -34   82  -33  100   -2   -7    3 -108  115  -25  -13   50   78  -44 -124 
 118  -44   73  -21  -86  -98  -49  -61   29 -126  -81   23  -40  -24   60   10   70   14  105   42 -115  -30  -83  -95  -43   21   20 -120  -29  104 -116  -39  -68   85   68  -25  115 -108   42   16 -106   89  -89  -18  -63  100  120 -120  -14   97   50   -1  -61   96   32   25  -11  -76   33   88  -99   45  -79  -39    2  118   64  -11 -118  -22 -122  -96  -61  -83   15    5 -111    7   13    4  -23  -65 -125   44  -97   36  -59   20   88  102  -20  117   19   30  -49 -107   20 -113   11   30   -6   17   62   61   62  -51  -62   80   85   79  -44  -66 -113  -41  106  -82  123  -80   67   84 -106  -81   73   42   77 -104   63  -31 
 -88  -54  127   34   91   62  -33   26 -117   34  -22   96  -15   62  -98    0 -107 -119   47 -111  -71  -14  101  -49   33   46  121  -17   71   57   80  111 -125   80   17   95   14  112   -7   25   18   99   -6 -124   33   24    4   54   33  -77   71   90   37   44  -86  -57  -37  -93   54  -94   92    6 -111   96  -42   34   63  100   18  -72   -2  -91 -101  120  -87   60   16   45  -14  -78   97  -70 -116    6  102  -74   77  -63  -38    3  -29  -74 -118  -12 -106  -32 -106   85  -59   41 -115   67   78  -88   59  119  100  -53   36  -41   -3    5   17   10 -116   -9   64   89   57 -102  -35 -100  -47  -25   17  -25   71   39 
 -67 -116  -48  -54   79  -98  -13   10 -107  -41   86   58   46  -45  -65  -65   93  -53   55   30  -91  -16   56    2   12 -119  105  -99  -15   48   69   46   61 -107  120   12  -76  -21 -105  -55   67  109 -125  -15  -64  -61   49  -98   14  -24   60   51   88  -12  -75  -28   -2  -98    2  111   79  -57   29   12  -36   21 -104   16 -127  -81   90   68 -100   93  -75  -35  -96  102   -5   47  -50  -73  -30  -90   43   24   11  -87   54 -115 -104    5  -44   53 -111   48  -53  -86  -63  -52  -39 -101 -112  -10  120  -59   83 -103  -84  -50   72   -6    5  -86   33  -80   66  -84  -38   -7  -71  -14  126   13  -88 -112  -67  -13 
 -70   -2   63   19   25   79 -119   18 -108   92   43  -64  -86  -13   59   47   29  -36   96  -32    8  -70   89   65   44   87  -50   84  103   11  -57  -95 -118 -122   53   35   85   62  -75  106   27   96  -86   69  -45  101  -11  113  -63  -43  -47   73   15  -86   10  -69 -127   88 -112  105  -28  -41 -118  -18  -34   63 -111  -77   -2  -57  -99 -103  -89  -56   94   -5  -83  -45  -20  -17   40   61  -72  -73  103   67  -13  104   27    3   81  127   90   92  -19  -72   27   -1  -20 -103   70    9  -78  109   81 -111  -24  127  -28   84  -18 -115   17   38  -60   -8  -23   55  -31 -123  -70  -78 -124 -107 -114  -14  -51   42 
 113   57   67   55  -61  118   36 -108 -121 -115 -109  -21   97    1   -8  -13  -88   61  107   17  -12  -52   22   47   -1   27   68   13 -115 -111  -73  126   75  123   53 -114  113  -39  -94  120  -26  -74  -29  -56   55   92   59   95   25   38  -15 -115  115 -121   60  -14   34    0  127   47   18  -73   45  -35  -78  -30  -21  -93   60   13 -101  -94   67   -2  -22   -5  -38  -91  -38  115   76   75 -127   63   83   61  -79  -11  -66  -80  -91   80  -25   82  -83   25  -75   24   60  113  -91   87 -109  105  -42   -2  -28   48   35   62   36  -17   10   37  -82  -35  -30  -33   82   32   16  119  -16  119   74   29   17  127 
 -75  -51  112  -37  -91 -125  -60   -5    1   40  -85  -91  -26   79   20  112  -12   67  -51   87  -94  -96   -9   50 -105  104   42   97    5  -69   96   59    8   80 -106   45   84  -38  -88  -43 -126  -44   -6  -24  -93 -113  -39   24   82   38  -17  116   70  102   39   94   78  -47   63  -44   12   32 -113 -108  -16  -91   66  -60   -1  106   26    1  -66 -108  105  -30  -93  -62  122  117  105  -23  106   47  -49   17   13  -98   98  -51  -14  -18  109    1    2  -35   38  -60   34  -91  -81  -68   38  -19  -48   15   79  -12   82   73  -23   59  -78  -45  -22    2  100  120   32   70  -59 -110  -76  -78   19   55   15  -71 
 123  -79  -34  -86  -19 -124   24   62   19  -25  -78  -27  -79   27  -96  -29  111   11  101   83    3    5   26   72   23   78  122  -86    5    9  -29    1   59   65   43  -88   69  -61  102  -39   43 -104   62   92   52   95  -65   35  -22  -91  -10  109   42 -112   53  -62   95   47  -20  -28  -72   80  101  115   17   17 -100  -41   84 -126   48   -1 -101  -18  -37   79  -51   27  -14   55   64  104   36  -22  121  -39   44   88 -120 -103  -68  -63  105  -94  -76   -6   51  -48   81    7  -45    1 -121  -18  112  -30  -67  -67  125   47  117   61   23   25  -88   16  115   84  -24  123  109   37  -68   86   71  -15  -47   -6 
  65  -94 -127 -108   36 -120    2   20  -21   63   81  -24  -18   70  -90 -122  -32  -50   22  -45  -94  127  -50 -112   36   11  102  -21  124  -73  101   61  -38  102   82  126  111  -44   18  -38 -108  -29   66    2  -86  104    8   10  -74  -97   93  -39  -98  -85  -23   66   54  -49  -83   50    7 -110  -16   97  120  -62   95  103   22  -15  -63   42   84 -124  -83  126  108   53    8  -93   84  -27   -4  114   17  101   52  -57  -76   97  122   59  115  -22   28  108   44   -5   83  -62  108 -107  109   65 -103 -102   63 -123   79  -56  -88   36   45   36   22  -66    9  -53    6   62  -84    0   -7  -96  106 -106 -116   22 
  17   95   88   -2  116   69  -65 -115   95  126 -109   47  -58  -69  -45  116   96  105  -78  -23  -76   56  -89  -31  -72   33    1  -94   55   13   56  -56  -20   17   70  -31  -42 -123  -18  -74 -124    1  101  -54   61  -72  -66   29  -95  -15 -122  -42  -87  -82   55  -30   79  -72    4    6   69  -67   78  -79   78   21   18  -92   26 -127  -38   30    2  -65  105  -65   -9  -89   92   25   24   99  111   66 -111   38  -92   96   94   40  -26   35  101  -76   84   51   73  -25   88  -28  -24  -78 -126  106  -14  107  -86  105 -109 -122    2   43  105  -15  -19  122 -105   17   90  117  -70  -64   24  -97  -11  -19   83  -66 
  84   43   34  -68   93   37  -90  -49   16  -48  -71   35  -41   59  -49  -64  -83   60  -69  -60  -50 -107  -70    8  -42   82   39   75  -65   -6 -119 -109  -91   44  -49 -125  -47  -10  -46   97   70   11    5  -99  -57   84  -34  -12   16   25   56   94   46  114  -26 -124   69 -114   79 -124    8   89 -104   46    5  -25   49   86   93 -125   55   36   15  -68   65   86 -112  -97  -54   33   56 -126   -1  -25  117  102  -21   58  116  -69   62   -4 -108   86  -86   25  -66   91  -17 -101   95  -90   63  -18  -29    1  -60  -13   32   14 -108  -39   16   20   64    5   -6  -85  -65  -18  -26  126  106   -6   84 -107 -109 -110 
 112    2  -82   79   41  109  -67 -116  -18    1   -1 -113 -113   20  -24   32  -88  -88  -91   34  -45  -27 -112   58  -29  122  -76  -73 -113  -56  -54 -128   74   -8   79  -13  -27 -115   -1   84   14  127   99   30   19  -53  -66   59  -13  -29  -35   70   72  -19    0  -85  -25   53  -29   -9  125   45   -9   71  -91  -58  -69   10  -45   58  -34   98   57  -63    0  -52   12   62 -121  127  -95  -28   70  106   81  -58 -107  -71  123   -8   48  120  -91  -89   64  -54  -19  123   85   65   53  -77   35  -17  -11  -93   59 -127   97   67 -127 -126  -89   71  108  121 -115 -126  -78 -119   -6   98 -127   32 -119   65  106  -10 
  60   63  -73  -14  115   90   97  -24  125   28  -23   94  -33  -22   97    7  -79   77    0  -65   79   50  -56  -54   20  -55  106   29 -117   84 -109   71   20  -53  -71    7  -91 -102  111  -93   55  -40 -127 -106   67   98   29  116   48  -99  -77   -1   79   -5   73  -29   69   51 -128   80    8 -108   23 -100  -33   81   35    4  107   18   39   34  106   41   57   45   11  -42   34  -69  -12   85   59  -61  -47    4   39 -106  -72   39  102   64   59   -3   92 -102  -50   -1   31  -70 -111  -58   92  123  111   21   41   -5  108  -53   54  -32  -96  -15   35  -15  118  -54    7  -82  114  -19  110   45  107   74   72  -71 
 -55  -25  -13  -38   45  -48  -43   29  101  126 -104   81  -55   78  -79  -22  -64   85   91  -74  -97  -29  -28 -111   80  -46   63   59 -100    7  117  -27  110  -24   63   27   56 -108  -72   30 -109  -48  -17  -36  -97   33   70  -33  -10   34   21   21 -123  121   39   85  -53  -26   17  -25  109    6   76   91  110   11  -10   39   31   47  -59   50  127   52 -113  -98  -43   85   -3   75   -9 -110  -31   -4 -117 -120  -46  -42  -18   99   61  -37  -23    9  -74  -41 -108   44  126   52  -37  -61  -26  -37  120  -11   -7  -51  -53  119 -103   66 -119   -6  -65 -107    2   17  -21  112  -12  -87  -53   93   50    1  -76   71 
