 -31   27   74 -128   52  104  -55  -66  -45  -54   57  -27 -108  -41   11   50  -81   23  -95   15   56 -115  -17   10  -17  -14    3   23   55  -38 -122 -104  118   80 -104   42   56  -31  104 -116   43   34  -15   63  121  124  -15  -87   19   18   56  -53   32  -88   85 -113   26  -39   38  -47   51   44  -22   41   -4    2  -45  -76  100  -68  -64   15   94   49  -49   87   45   64 -128  -63  -45   57   12  115   97  -30 -126   -5   59   40   77  -18  -44  -73 -104   80   57  -21 -124   29   39  -59  -83    5  118   -4  -35   36  -68  -35  101   15 -106  -15    2  119   83    4  -13   14  -84  -64  125    0   -9 -107  -48  -80 
   0  -43   78  -88   26  123   45   16   -9 -118  -76   51  -24 -103  -61   -2   11   69  -10  -34  -54  105  109  -10  -87  106  119   32  127  -57   80   -1   28   30   39  -74   25  -43   71 -112  -33  123   68   71 -107 -121  -58   32   76   60  126 -106   37  107   13   78   85    4  -18   84   75  -66  -44  -24   93  123   30  -10  -48  -27    7   48  -31  -53   -9  -10  -46   61 -106  -98   -7 -108  -75  -98 -128   66  108   85  -58  -38   42 -111   25  126   -7  -10  121 -104  108  -54   -3  -13  122   94   62  -15  -44 -112  -81  -22  -81   40   -1  -28   71   -1  -90   51  -44  -20 -114  126   -3   39  124  119  -99  118 
-113 -119  -64   12   -3  -70  -21  -69   43   63  -52   90  -86   -5    3   41   95  -54  -88 -123  125   -4  -15 -117   -5  110   50   -9  101   79  -19  116   89   45    1  -42  103  108   17   19   43   93  -19   85  -40  112   -2  -73  -70   38  -68  -72  -93   45  -61   30   28  118 -107    1   69    3  -10   30  -80  119  116 -104   99    6   43   14  -29 -104  -28   60 -119   98  115  -61    9  -80   -5   44   93   63  -54   -7   53  -33  123   -6   98  -15 -103 -109  -24 -115  -85  -53   19   86   89  119  110  -67   51  119  -96   38  -69   41   86   54  -43   52  -11   31  -83  -86  126  -88   37   97   25   62  116 -127 
  75  -97  -52  -33  117  -90  -42   99  -29 -119   91    3   47 -106  -84    6   76    1  -70  -62  -96  -25  -20  -97   16 -111 -128  -87   79  116  -85   27 -109   -9  122 -120   29  -48  107 -127  -39   70    4 -120   92   49   14   41  -78   72  107  -45  -80  -41  -14   64  -23  -14  105  -72  -26 -108   83   -7   12   77    1  -87  -99  -20  -86  -10  -77   47   -1 -113  -32 -115   56   18   86   35  101 -122  123  -41   70  -28   73   47   28  -81   68  -16   40  -48  -67  -87   -7  -37   22   36   81   73  -45  -48   88   51  -34   17  -59  -76  -76  -85  -70  -81    2 -128   19  -52   47  -80   -5  -13   32  -92   67   93 
 -51  -67  -72   99   97 -118   44  -76  -38    5  103   56 -106  -84  108  -54  -41  -90   -6   90  -90 -115  -90   86  -67   33  -55   93   69 -115   59 -109  -54  115  118  -85  125   35  -33  -40  -88  -58 -112  -66  -14  125    8   74  -93 -126   36  -54 -112   74  -96  -51  -21  -23  -85  -79  -10  102  -60   64   89  -70  107   87   93  -54  -81 -123   16  -65  -61 -125  -68   76   77  -32   78  -15   42   94  -69   74  -84   38  -77  -41   87   42  -67 -101  -22 -106  -42  -42  109  -77   32 -100  -71  -79  -36   -4  -76   24  -56 -127  120 -105  -14   34  117   45  -20  -95  -45   32   -8  -85  -54   53  -58   52   76   28 
-118   57   80   43   86 -119   92  -78    5 -112   74   78 -111   67  101    3  -27   90  -80   82  124    3  -14  -12   46   60  -86  117  -16  118   17   -5   47  -31  -90    5  -22 -126   55  112 -110    2   62  -93  -59   35   38   42   -3   86   -4   -7  -39  110  110 -120   42 -104  125 -101 -114   14   22   61  112   60  -61  -38   62  122  -54   80   -4 -120  115   65   43   25  -20  -87  -17  104   34   72   87   16   80    1   40   77   28   54  -36  -78  -12  -52  110   55   38   44   49  113   -4  -82  121  -17  111   37 -120  -37   78   -9  -60  -16  -64 -101 -127 -112   28   41   94  -71  -32  -70  -21   84    6  -38 
  11  -84 -122  -68  -99    3  -22 -105  114  -38   60  123   53   10  -14  121  122   50 -108  123   67   49   37   33  106 -123   91  -43   89  -31   47  -28   13   54   32   43  -71 -117   66  -85  -27   -2  -90 -102 -120   25 -108 -126  -53  -88  126 -114   89   35   47   67   40   10 -103    1  107   72  101   -7   -2    5  -92   55   16  102   99  117  -28 -119 -112  -20   34  -92  -18  110  -52  -20  124  -90 -113   44  105   55  -74 -126  -72  -94   75  -99   27  -55   35   63 -127  -77   37  100  -87 -119  109  -71  -11   16  -35   99   -2   41  -48   -6   79  -33  -90   57 -105  -35   59  -49   -1    6  -19 -102   80 -112 
  89   81  -61   -2   53  -20    7   34   37  124  -78 -126   95   48   44  -81  -85   -5   15  -47  -76   38   46  112  117  -83  -10  -30  -57  -58  -14  -96 -105   54   30   76  -94  -91  -17   72  -95   33   74 -127  -46  -10  -80   -3  114   63   78  -90  -27   -3 -106  -37   42   13   61  114   83  -80 -110  107  102   49   55 -120   86  -90   80  120   72   27  121 -102 -111  -87   23 -125  105  -27  -86  -50   98  -64   41   13   77  -25   -1   33   23   17   12   -3  -62  -61    5 -103  -22  -42 -111  -78  113 -118  -52 -126  -77   99 -122 -100  -56  -80  -21  -85  -16 -108   56  -66   -5  -73   95 -110   72  -21   15 -117 
  46 -107  -92 -104  -21  -75  -54  -36  -65   22  -34  -14   -7  -28   15   66   20  122  109 -123 -114   37  -61   10   92  -94   28   36   13  -84   47  -69  -63   83  -44   44 -120   30 -120  -57  -75  -26   58   46   75  -55  -16  -33  -61  -35  -28  -47 -126   39   91   94   73   -8    3  -42   36  -78   18  101 -122  102   17 -114    4   25  -42   57  127 -112  -24   74  -39   88  -86   28  -74   14  109  -72  -74   73 -105  127  -63   26  -42  101   76  104   74   82   78  -37   97  -46  116  -73 -116  115  -57  -12   62   32  -52  104  -68    2  -10  -87   59   44  114   82   44  -77  -20 -126 -104  -72  106   98 -117   56 
 -67  108 -118  -79  -93 -106  -91  -22   10   99 -118   87   75  -58  -39  -63  -17 -108  110  -30  102   26   21  -46   28   46   11    6   16   22  -66   78    2  -56  127   37  -33  -92 -113  105 -121 -103   64   82  -33 -102 -108   78  -82 -126  -80 -107   28   70  -25  -72  -12  114   62 -124    8  124   82 -118  -60   82   47   35  118   62   13  126   87  -51   80  -74  -25  100 -123   22  102  -75   43    2  123 -110   58  -17 -123   -8  -12   13  -12  -58   24   57 -104  -57  -36 -113 -122  105 -115   93  -73   93 -108   30   66 -103  -76   40  -50   95  -85  -54  114  101   57  119  -34  -83    4   82  -12 -100   11   12 
 -28  104   27  -22   81   40  -57 -120    6  -37   39  -56  -12   91  112   67   59 -101 -115   45 -127   70   36  -33  116  -88  -79  -24  -59   61  116   41   37   16 -109  -10  -72  -38   -1   62   54  -90 -122  -86 -127  119  109   60 -110  122  -23 -109   65 -115  -14   53  -74   36  -99   -5  -31 -111  -92 -122   33  -73   -4   90   17  123   24  -57  -95   31  -14  -93   22  -33   95   40  -38  -55   60 -101  -42  -82   80   12   82  109 -121  -77  126  -85  -71   32  -30   54   -6  116   49 -110  -69   83   49   45  118  -57 -115   85  112  -25  -98   44    2  -11   90  -46 -127   45  -65 -119   96  -67  -76 -102   93   23 
  80  -41   11    1  -22   70  -44 -101  -12  -54  -29    1  -96  -45  104  -66  127  -22   51   89   60   53    6  123   62  -25  -72  114    1 -106    9  -47  -19 -108   82   87   91  -89  115  -49  -15  -42   80   17   41   56   80   40  -94    3    1   94  -72 -120   89  118  -17 -111  105  112  -89  -14  -63   21    7 -109  -20  -30  -70  -33   49   44   53    1  -67  -34  -71 -115 -122  -37   17    8  -71   73   16 -110   64  127  -93   41  111  -53 -101  -80   96   34  -61  -52 -124   -2   44   53  -86  -31  -74  -25   64  -17  -11   70   74 -122  -50 -125   79   94 -107   15   93  -71  -72   76    4  -44  124  -28  118  -64 
  48  123   62  -36   48  104   62  103  -49   -2  -42   68  -60  -95   74   19  -92   26  -15  -70  -87  -49  -13  -30 -101  119   54 -104  -37   44  -40 -117   39 -106  -24  -40  126  -90  -65  -51   36   21 -110  104   54   92   -5   91  -10  109 -107   32  -68    8 -126  -41   -1   56  -17   90  -28   71  101 -116   93  -51  -28   91  -13   35  -87 -105  -72  -69 -128  111 -105   -5   74   14  -24   95  -82   36  -25  -80  124  102  104  -21   64  -52  -77   37  -40 -112  115   60  108  -26  -33 -107   -2   24  -48   -2    7  -25  121  -47  117  -30  -80  -93 -122   23  -45 -126   -3  -69  -18  -67    8   33   98   96   49   85 
  29   29  -68  124   50   58   20 -126  -72 -101  -22  -79  -20  -33   19   28    3   26  -77   86   28   48 -110 -118  109   26   43   80   -6  -35   37 -105  122   97 -108   45   27   40   47   83   68 -103 -123  -80   -7   24   77  124  -78 -128   82   79   49  100   89   30   -2    5  -18  121   98 -108 -112   92  117  -92    9   17   77  -71  -28   17  -46  -23   65   75 -126   14   71  -76   15   26 -125  -64   -2   93   94  125  -30  -51  118  -60  -31 -122  -96  -42  -85   42  103  120   99  -52    9  -75   53  -54 -127   55   89   72  108  -24  -30  111   40   97   76    6   94  -82   83   84  -14  -76   90   19   11 -123 
 -67  -14  125  -96   62    6  -43  -12   81  -42  -85   42  -97 -105 -110    1 -121   58  -30   83  -64  -64 -126 -108 -108  -12  -56  111 -121   83  116  -60  -58  114  -28 -124   -8   58   -8  -55 -112   36  115  -81   59 -123   49   66   63 -109   22 -128  -44   24 -108  -24 -116  -36  -41 -108  -80  -52  -40  -10  -66   61   -6   54   -9  115 -128    7   23  115   55  -46  121  -24 -107   56   -5   43   56   79  -61   76  -72  -49  -87   15  -29  -39   91   60   79 -103   -7  -55   80  112  -68   80   -9   83   67  -82  -90   60   22  -69  -11 -110  102  -83   97  -87  122 -103   -8  -93   41   92   -4    4   24  -53   30 -111 
  20  -18 -127   81  -66   -8   36 -127   39   74   62  -67 -123  -77  -49  107  -32  -79 -108  -38  -54   13   -3  115  -23  121   -8 -127  -60 -106 -110   89    4 -109   42   66   11  -50   67  -78 -103    1  -16  -98   52   63 -118 -107  112  -98  -17  -69   43  109  -82 -108  102   38 -107  -85   60  -89 -124  -64  -70   46 -126   70  124   70  120 -107  -57  -24  -76  124  -88  -66 -111 -104  -36    0  -45 -120  -19    2 -100  -44  -88  -78   -1  101  -39    3  -91   20  -79  -88  -38  -83  110  -46  -61  -75   59   -9  -79   99   53  -62  123 -111   67  -49 -103  -80   81  -74    4  121  -24 -125   94   65    6 -124  -43   55 
 -84   47  101 -102 -126  -88  -49   61   31    1   32  -44   67   27  -27    6  106   -1   55   59   53  -69   53  -99  -65   19   94   69   23  -76   -3   67   99  -30   93  101   10  -83   34  -87   46  -62   -3  -15   94   98  120   72  -31   47    4 -106  106  -71  -77  -87   76 -110  111  -28  -58  -20  -89  -87   78 -123 -113  -40  -78   49    1   96  116  126  -47   82   96  -55   26  -62  120  -98  -40   99  -41   12 -116  -92   30  123    8  100  -25   47 -115  -75   52 -100   13  102   78 -114   70   66 -116 -104   20  109  -31  -82  -81  -38  -51    7  -67   36 -109  -55   72   49  -59  -48   21   44 -128   35   98   52 
  63  -17   27   13   -2  -31  -49   10   -7   99   -9   91 -110   38  -75  -33  -82  -14 -125  -63   59   76  115 -128 -100    8   45 -100  -85   15   81  107  126  -20   -8   -4   77   72 -121  -57   43   -2  -94   61  -91  -41 -100  -45   73  -96   20    4  108    7    5 -120 -112  -78  -91  -69   65  118  -90   63  -30   31  -68  -81  -25  -61  -10 -110   65   24   80  102  111  108  -71   56 -116   78  -67  120  -43   66 -127  -27  116  -90   33   53 -100   71  -12   -2  -26   48   45   77  115  -92   96   53   60   48   27   44   28   85  -28   41   35   33   33  120  -29   34  -34  -41   72  127 -116  100   70    1  -30  -83 
 -79 -112  122  -91  -76   90   90  112   10  -11   28  -89  -54 -127   80  109   34  -15  102 -122 -108  -60  -35   92  -61  -22   65 -119  107  -93  -74 -100  -77  -79  -63  -25 -117 -101  -40   22   17  116   61   91  117   13   73   24  126   47   30 -110  115  123  111  -74  -27   48  -65  -48   83  -10  -19 -121   39   46  -18   50   74   70  -56  -37   59 -123  -74   48   18  127  -56   17   46  102   35   33   98   18   87  -57  -62 -105   24 -106   13 -123  -99  -76   51   11  102   -3  -46  -81   88 -115  -76 -113   61   71 -114 -122  -40   61  108  123  -34   78   14  -74 -106   80  -51   46  102   90   51 -125 -114  -26 
  15  116  100   97  -93   60  110  -40   75   43  -97   90   49   -9   23   30  -14  117  -20 -128  -85    2   81   -8  -80   55  -46   99   59  -32  -54  -54  -43  -82  -85   -8  106 -103   80   54   68  111   16  -10  -26  -89 -108   89 -100    0   89  -56 -125   42   64  -77  -30 -109 -105  -99  -13  -31  -25   72   15   18  -63   -7   43 -111  -81  -17 -127   63  101  -25  102  121  -64 -125   -6 -102  -53   -3   68 -117   48  -90  -98   71  -61   18  -88   42  -38   55  -68   27  -79  103   45  -32  -41   46  -96  -68 -107 -122  -74  -42 -119   48  -16  -44  -83  -76  -32   93  -37   -2   37   30 -112   77  -55  -21    5    5 
-122   54  -19   51 -106   68  -31  -74 -128   -9  -67  -74   77  -58  102  -67   27 -109  -15  123  113   76   -7   22  -21   10  -29   52  117  104  -71  123   30   38   47   53  -22 -112  107  -21    7  -88   33  -44  -17    8   17 -118   27 -125 -123   12   79   -2  -94  -70 -120    6  110  125  -18  -88  121 -115   78   40   66  -71   56   45   36  -64   86  -59   20  -59   77  -90  -49  -23  -87  -44  117  120   82 -104  -77   91   30  -95   88 -116  -55   81 -103 -104   -7   91  -47  -78    9  117  -14  -33  -70 -122   36 -120  -84  115  -15  -43  -57  -26  -50 -103   -2    1  116 -100   34   77  -87  108   30  -62 -124 -104 
 -98  -43  -54   39  -54   60 -122    4   66   42   12  111   29  125  -60  100  -28   18  125   98 -109  114  127   54   63  -88   34  -35  -22   38  -11    8  123   63  -81  -59   -5  -75   73  -66   95  -42  -83   -4  -45  -15  -32   55 -124  -34   26 -105  -48   25   77 -113   65  -17  -20  -85 -107   98   52 -112   33   99  -43  -99 -103  -97  -37  120  -11    8  -11   72  121   85    0  125  -77 -102 -107    3   51   98   18  -12  -46  127   31  -25   97  -45   -8    2  -73   77   31  -48  108  122  -56  -31    2   61  -86   -4   19   42   -7   70   68   14  -54   -9  -15   92  107   67   91   10  -86   60   94   34  -65 -107 
 -16   94  -27  -36   89   45   62  -37  -21  104   87  126   18  -47   68  -42   95 -114   77  -48  107   56 -109   70  -62  -66    3  -96   96   66  -75  -48   32   26   45   -7  -56  -21   85   51  -45   44   49  101  125  -11  -69   93    4 -120  -83  -17   64  -63  -75 -126   -1   56  -93  -33   -6  -40   48 -101  115  -35   20  -69   72  -23  110 -101 -106   31 -128 -109 -108  -69  112   24  -61  -98 -121 -125  -33  -67 -123   94  117  -88  -67  -16    1  109   11  -12  -54  -97   47 -110    9   29  -83   31  -68  -83   50  -48  -24   35  105   43   65  112   46  -96  -83   52  126  -93   92  -69   19  -35  -87  -98   81  -13 
 -67    0    6   70  -99   51  -27  -39   97 -104   42  -55   59   19  117   -4    3   35   28   49  -41   26   84  -76   85  -25   17  126    5  -29  -14   66   99  120    9 -127   43  110  -38   12 -122 -124   86   65   23   75  -67 -101  -18   89   76   70  -13   32  122  -55 -121   11  -57   12  110   57  -50   82   49   87   83  -35   70  -83  105   76  -78   63   14   73   10   75  100  121   37   48   63 -104  -48   57  -31  -41  -60   41   99  -77  -30  -78 -123 -108 -119   88  -15   79 -123  -38   28  -73 -102  -86 -127   36  117  101   29   26   22  -36   51  102 -107 -108  -66  -38   61  -95   13  -96  -45   18  -76  -35 
 -22   37  -84  -17  127   72   39 -103  114   40   62  104   13  -37    2  -93   56  -75 -118   77  -54  -56  -89 -121  -23   52  -89   61  -58  -37 -102   48 -128  -58  -96 -128 -113   71 -103 -127  -17   87  105  124  -77  -20  -96  107   33  -86   56  107  -14   96  115   91   20 -102   24   91  -10   50   11  -10  121   43  -10 -120  -14   16 -119   97  -25  115   94   26  -33  126    5 -128  -88  -66  108   26  -98   95  -11   50  121 -114   13  -17   64 -103  102   57   68  -36   65  -73  108   75 -104  -44   62  118  110  -99  116  -12  -99 -100   50 -119   54   80  104  -84    2   98  -70 -112  -47  122  -87  -73   52  109 
  20  -11  -92    0  -64  -67   84  126  -77   67 -101  -88  -73  -71  -60  105  -62  123   57  -85  -89  -69 -115  -31  -53  -34  -37  -12   22 -113  -30  -86    5    6   42   69   67   -1   68  119  -62   95  -97   -7 -104  -29  -30  -37  -34 -101    6    5  -42   19  102   34  113  -62 -106    7  -47   -8   49   86  127  -36   28   66   91  -32   57  -99  -65   88   22  -40  -68  120   51   26 -109  -71  -96  -23   76 -122 -117   61  -56  -94  -59   26   26  118  -16   25  -46 -116  -36  -83  -20 -107  -54   44  110   96 -124  -86   88   55   68  107  112  100  -43   60  107  -32   -7  -77    2   62   77  -99   53  -66   54 -121 
 -54 -110  -75   55  -88   -1  -29 -106  -32  -25  -64  -72  -98 -124  -92 -114  105   -7   74   84   89  -61 -121  -36 -126   85   -7   55 -109  -81   62  -35  -62  115 -108  -22  -13   -9    0   83   94   64 -117  124   68  -81 -118   45   40   84    1    2 -104    9   94 -102  -34  -41   81  -15    6   15   78   72    3   99  -78  118  -38   50   73  -71  -14   84  -75  -73 -124  -64  100   44 -108  -26  -82  -84  111 -116  -58  -51  -29 -105   62  106   39   12   50  -86  -17  101  -96   74   23  105 -125 -118   61  -72  -63   65   -8  -91  -18   13   11   28   57   -6   41 -128   71 -116 -105    5  118   62 -110   41  104    1 
  14 -120  -53  -91  113  -50  -81   47    7  -16  -16  127   22   94   12  -95   -5  -58   28  -92  -58  -29  -80  -35  105  -89 -100  123   80 -124   -4  -34 -115   72    3  126 -106   51   45   29  -93  -98   29   57  124  -87   91   -9  -17   -9   27   53   90   76 -109   67  115  -81   62   67  -77  -69  -95  -64 -125   36  -65 -103  -41  108   55   -5 -118  -44  -76 -121   -3 -113   -2  109    6 -102   34  -31  102   53  -92   89  100   99   28 -104  -98   61  -40  -95  -31   23  -70   57    4  113  -76   14  -59  -24   21   67   -8 -108   48  126  -82  -46  -33 -108 -120    4  109  108  -25    9 -124    5  -58  -35   38   39 
 116   96  -32   -8   82   20 -121 -105  125   28   90  -11   48   10  -13   94   93   83  114  101  -41   95   81   62  -24   86  -61   46  -77  105  -42  -89   73   54   32   27  -53   39   51  -56  -61   13   61  116 -104  -80   82  117 -125   69   90  -38   36   43 -104 -115    1  -37   59   52  -60 -111   92 -114   72   -4   41 -109  -93  -36  -37  -26  106 -104  -38 -126  -56  -83  119  -52  114   81   38   22   -4   63   35  126 -102  -33   50  -33  -16   14  -19  -72 -118 -106  -53  -83  -13   38   20  -35   62  110  -33 -121 -101  -42  -45 -115  -89  121   36   35   56  -57   33   83   38  -44  -78 -105   98   31  -49  109 
  53   27 -102  -88  -63   46    5 -128   29  100 -121   56  -70  -38   70  -31  -45  -22 -123 -116   49   38   95  -40  122 -111  -17   93   48   62   74  -27  -39  100   14   27   19 -109   27  -80  120   34  104  -78  124   46   20  -49 -104   25  -37   74  -65  -70  -94  -70  -53   17 -105  123  -49   97  -31   41   69  111  -60  -40 -126   95    8  122    1  -15  -83   -3  -97   65   76  -72  -38  -88 -126   25  -30  -92   83   46   53  106   41 -124   75 -118   45   17  121  113  105  124   80  -14  118  -47   99  -93   78 -126  100   27  -70  -66   67  -68   88  -91  -32   43   83 -107   22   -3 -102  -31    7   71  114    1 
  57   92   -3    9  -50  -13   91  -79   23   41  -77   -5  -60  -18   58 -121   42   18  -83 -117  -67 -128  -96   83   -3  -70  -75 -123 -126  -89    6   59 -125 -125  -60  -47  -10  -97    2 -115   73   54    9 -115  -92  -61 -107   78   85  -62   89 -110  -62  122  102   64  -76 -101   69  -74  -62  -53  113  -58  -50  -74   23   68  -43 -102   82  -98   80  -37  -84  116   30  -63   66  -13    3   28    5   69   22  -21    5   74    6  -54 -127   73   21  114 -113   99  -88   38   40   -2   64   -6   28   16   85   72    4  -13 -119  -57  102   12   99  -21  -46   -7   87   87  -61  -35  -94  -60  -90   55  -73  -75   27  -33 
  92  -61   93   28   61   -6  -83   18  -62   49 -123  -52  120  107   88   91  -42  -86  -44  -83 -126   24   11  -92   92   49   91 -109  103  -10  -13   67   57  -48  -33  -10   74   12 -120 -115  -66 -115  -39  -74  120  -79 -110  -49  -36  -26   -4  -34  126 -121    2   91   57  -35  110   32   84  -31  -29   13   50   66 -124   -4  -49 -116    9   13 -102   98   67 -110 -108   85  -31  -16  -68   94   78  -70  101  -48 -107   30   45 -124  -66    1  -27   33 -113 -105  -28 -109   20   51  -97  -99  -64  -71 -128 -125  -52 -108   89   45    4 -107   11  -46  -49  -15   34  -27 -113  -49  -23  -50   81   78  111   96  102  -45 
 115   -6 -122 -110   23  -58  -52   23  -54   24   43  -93  -59  -81  -72   81    1    7  -62  -93  108  -47  -13  -43   31  -60  -92   15  -92 -118   98 -105    4  105  -87 -101  -81  -11   51   -7 -115  -34   28  -45   14   84  -92 -113  -36  -26  -77  -56   55   38   30  -41  106   66  102 -114   76   72  -91  -48   49  -50  -21   97   68  -98  -38   81   -3  119  -92 -117   75  -56 -102  -89   46  -51  -16  -26  115 -114   61   93   80   35  107   28  -21 -112  108  -99  -33  -41  126  -93  -10  -40  116  115  -49 -103  126 -101  -31 -104  -62 -112  -26   50  -10  -39   64  -77  -73   16   86  -94  -84  -63  -77 -104  -34   18 
 -16  -36   53  102   53   41   89 -124   66   87  -97  -92  111  -30  -76  -43 -108   42   47   85   93  102  -27   51 -120   18  116  -69   42  -45   77 -102   47    2 -128  -28  -84   89  -23  110   48    8 -110   32  106  -58  117  127  112   36   84   77   10  -71    0   19   75  -11   78  -10   72   28   16   -9  -98   17   92  -54  -22  -59  -71 -101   77  -53   59   56   18   48   55    2  -43   11  -48   95   68   80  -14   16  -59  -63 -122 -115   93   22    5  123  -89  -31  -58   18   38   -1   45  -13   74  -24  -85  -36 -104   98   95  -19  -19  -81  -51  -78  127   63   66  -59 -128   72  -46   93  -34   87   89    6 
 -72  -97 -104   94   30   69  -46  -24  -83   -3   69  -59  -32   36   51   77   83 -128  127   82   63   65 -105   64    9  -22   29  104  -63  -10  -18   -6   21    6  -40  -77  -53   42   28   -8  -88  -31   61    8 -123  -16  -43   88  -16  -43   42  -80 -106   66  112   32  -84   13    8  -19 -124  118  103   25   -4  -64   77   71  106  -23  -65 -110   74  124   26   79  -19  112   39   93  -59  -47 -115  -37 -109  125  123  -65   11    3   45   15   -7   20  -88  117   84  117   60   63  -34  123   81  -88  120  -20  119  -27  -36   30  -62   33  112  -48  124 -125  -51  120  -61   88   -5  112  -25  117    4   16  106  -39 
   5   39 -104  100   34  105 -116   26  -43 -124  127   49   34  -62  -46   18   18  -49   22   95  -57   89   56   66   73  -97   55  -51   47   34   38  -75  -55   62 -103  107   40  -91    6  125  -87    5   47   76   71 -127  -34  -39  -48  116  -71   23   77  113  -38   22 -112 -111  100   64   51   10  117  124  -55 -114  104  113  -77  -18  110  -35  115   29  -87   59   31    7 -108  111   -4  -51    7  -55  -66   97   96  -49  114   68 -113   38  -50 -124   34   23 -110   10    8  -59  120   -9   34  108 -108   75   39   51  -45   59   35   79 -119  -86 -104  -57 -117  120   22  125   60   37   35 -117   41  -58   34   59 
  80  -85 -127   73   34   35   53   54  -17  -36  -22   66 -105 -115   17  -96  -73   41  -24  -62   34  126  -65  -34   36   99  -23  -51  -87 -116 -119  121  -73 -118   66   89   45   -9   15 -100   83  121   94  107 -122  -17 -117  -67 -103  -13   -1   59  -14   63 -103 -106   34    3  -29   75   15  -20   68   70  -10    7   31  -92  126  -82  -64   82  -88  -97   61  -82   14   72  -20   39  -68  107  -30   46   42   -4   68  -52  127  -89 -105   14   20   92  -44 -118  -29  115  -82  -31  -95  -17  -77  -55   14  112   -8 -100   57  100   68  117   79  -90   35   -6   34  -25   70   33   14   94  -81  -94   58    3  -83  -99 
 -10  -37   -2   24   74   50   97  -40   34  -39  -11  -37  -67  -71  -48 -115  -33  115    7 -126  -38  -51   35  105  -85   83 -117  101  -42  -72 -126   77   20    1  -27  -34  -77  -58   55   85   32  -84  -79   93  -27    1  106   68  -11  -15   70   79   63  -22   56  106  -67   68   80   19  124   82  -32   16  -45   69  111    6 -116   38  -36   44   82   13    9  -73 -114  -12  123    3  101   66  -45   36  -84 -117   15  -23   79  -33  124   76  -79  -35  -36    5  -94  -53 -117  -82  113  -25   90   67  116  -28  122 -125   88  118    6   61   56   89  -30  100  101  113  -51   52  -48  -55    0    1   38   93 -122   73 
 -88 -110  119 -102   -7   82   93  -18  -74   88  -15 -114   78  119   75    6   81  -83  -22   54  -98   55  -22  -18 -128  107  112   39   72  118  -16  112 -120  -25 -118    2  -71  104  112  -17   64  -31   -3   14  -40  -55 -108  -87  -10   -2   95   21  -75  -54 -125  -75  -75  115   92  125  106  -52  109  114   52  120  -12  109   96  -28  -35   32   69   90  -82  -98  -93  -62  -57   26   64  -89  -81  117  -15  -78  -86   38  -90 -121   35 -112  -45   16 -126 -121    8   -9  117  -24   91  -46 -120   33  -84  -74   63  -48   -8 -122  106  -72  -83 -103  -83   30  -53  -40  -60  -15  -33  103    1   50   -8    4   58 -128 
 123   47  -23   86 -127  -15   -9  -83   40  -74   -3  -96  -67  -25  -39  -22    0    6 -119   76   94  -51  -67  -67  -75   63  112   45  -61   42   45  -66  -39 -106 -108  -38    8   12    7  -80   66 -123  -48  127  -20   41  -22  109  -80  -13   57 -114   64  118  -52  117   53  -68   34  120  102  -48  -74  -65  -26  -53   25  110   87  -96  -98   25  -91  -17   25   18 -104 -125   -1  -56  -10  -72  -41  -74  -82   35  -84  100   95   78   92   69  -98 -109 -124    5  -34   29  -13  -75   61   18   78   99 -127  -25  -11 -103  -22  116  -30   96  -84   57 -105  -38  -36  -61  -66  -69 -111 -101 -128  -80  -82 -124   53   12 
  33  -88   65  -34   58   15  -63   59  119   54   85  -31   42  -73  -62   86  112  -39  -79  -52   28  -17    7   45   10    7   93   56   11   18  -60  -84   59 -123   10  -11   21   76  -79   12    2 -122  109  -83  -67  -81 -125  -83    8  -76   -7  -92   36 -128   82  -82    7   47  103 -110  -62  -85  -66  125  -79   72  -14   70   20   35  -46 -105   41  -65  -60  102  -17  -57 -109  119   -4   12 -100  -96   12  110  -50 -109   29  -75  -91   95  -31  -29   92   18  -84  -49  -40   64  114   42   87   28  105 -101    2  -40  -29   22  -48   95  -94  -20  127   47  -38  -51   66  119    3  104   87  100  -53   51  -10   -9 
-126   78  -72  117   -8 -113   17  -31  -85 -109   58   14   41 -118  -19   76  -10  -20   -5   80   57  -67   71  -68  -91   30  -96  -15  -46   22  104  -44  -28  -96  -55   92  -80   90  -66  -37  110  120  105   23 -126  -42  -29   -8   66   94  -56   -5 -100 -113   56  -63   46   88   50 -128  -17   27  -44   83   59   30   48  107   -8  110  -58  -26  102  -81  126  104    5  -31  -32  -57  -64   40   67  -36   55   -5   29  -27  -45  -48  -27   66  107   58   22   38  -40  -58   18   80  -76   88  -73 -102 -120  -75 -126   13   22  -30   85   86 -118   24  -78   65 -109   80  -89  -26  -96   12  -87 -117  -58   63   49   30 
-123  -61  -17  -71 -100   38  -45  -92   91  -43   49  -15   55    6  -56   65  -98   -6    2  -79  -54   41   24  -22  -74   65  -11   -4    0  -89 -101    5  -22   10   62    6  -80 -111   42 -117  -26  -36   -4  -99   98   68   94 -127  -65  -32  -78    9 -118   74  116  -64   11  -23   60 -117   16   87   16  123  -31  -50    1   17  -33  -84   28   69    8 -103   98  -22   93   64  -21 -100  -95   30   38  -85  -24   26  -21  116 -125  -89  127   20  127   16   15  -32   94 -112  114  -66  -68   14 -125   68   39  102  -81    5   38   26   33   71  -72  -57  114   33   97  -35   21  101    5   20   -7    4  -92 -120  100 -125 
-104   86  -63  -43  -27  -60 -103 -116  -86  -56   17   81   99  -77   24 -101   -6   11   60  -36  104  -47  -63  -19  102   58  113 -118   66   86 -115   90   44  -50  -81 -111   19  -55  -98   61   17   47   14  -12   98  -89   16  -35   50  -52   57   26   30  122 -120    4   52  121   14  -10   79   28  -48   -4  106    0   13   -3   73   43  -69  -38  -37   73   79  -67  112  -33   26   34   43  -45  -67  -55  -51  -59   77 -127  -66  -36   -9 -114  120   72   10   98  -56 -105  -32 -111   67   27  -21  -98  -28  -70  -37  -43   25  118  119  -59  -55  -76   14   23   -7  -36   24   56   56 -112   70   48   88  -48   18  -96 
 -25  114  -79  -86   13   28  -56  114   87   36  -57  -16   26  -66   53   99  -13  -60   -6  108   32 -109   36  -40  -93  -22 -120  123   58   26 -101  -94   13  -52  -52 -102  104   21 -116   63  -71  -45  -80   83   18  101   54 -123  -87  -79  113   73  -60   22  -95  -25 -128  -87  -30   59   68   -3   93  -47   73  -87  -21   49   62   -8  -15  119   75   33   74  -35    6    1  -30   48   50  -44   -7  118  106   27  -35  106   68   63   37    8  -68    2   89 -123   44  -59   54  -22   61  -89  -30    8   72  -84  102  -49   45  -56  127  -33   28   -8  -43    6 -109   50  -15   88  -15 -106  -32   45   25  -70   50  -59 
  -1  -23   47  -68   16 -111   68  -39  -66   42   40  107  115   39  -53   15  -97   32 -106  -77  -45    7 -117   68   29  -21  -14  -74   37  -92   -5  -92   13  -85  -32  -98  -68  -91   -9   -6   79  -97  -26   66   70   49  -46  101  -47  -24 -104   36  111  -93  -23   12   15   91   67  -76  127  -66  -39   13  -23   57   43   38   94  -94  -96   46  -63    6  -16 -121  -73   66  108    9  -86 -123  -83 -103  -88   22   38   55  -15  -23  108  -15   39  -59  126 -111  126   41   55   93   75   87   11 -116  -34  123 -109   21   62  127  -98  104 -124  -52 -126  -83   98   40  100  -44 -111   80   69   56 -107   67   73 -108 
 -20    0  113  -73  -40   -4  -61   54   -9  -42  -53  -75  -43  -22  -98  -38   54  -96    7   24   72  -21  108   89  -68   49   17  -47  -12  -37  -27   96   91  -42 -105  -77   82  -38  105  -54   48  -75   -1 -122   31   29  -32  -43   61  103  109    5  -46   90  -34   14   11  112   96 -128  -53  -59   96  -90   28  120  -38  -18  -46  -61   56 -125   -8  -72 -119 -105   85  -23  -20   19  -48  -38 -104   34  -76   -9  -79   63  -25 -111   63   50  -42   32   88  114   24  -78  -31  106  -10 -103  109  110  -47  118 -122  -89  -33  -14   58   47   76   82  -46 -128  -55    3   64   48   20   -1  -30  106  -97  -69   93   55 
 -19  -66   34   99  -41   15   82   41    6   88   80  101  -54   10   21 -105  -36  103 -105   38  -22   87  -42  126  -41   57  104  -10  116   69  -82  -31 -125   80  -59  -37  -33 -105 -124  101  111   84   75  -71  -34  -32  -48   58  -57  -24  -32   49  -65   55   47   22  -16   23 -115  -28  -35  -69   69  -32 -117 -118   59  -22  -95   63  -48 -112   19 -101  -54  113   -5   26   44   66 -126 -116  -13  -62   67  -94   88  -77   57  101   23 -106  -96  -35   -9  -85  -25  -78   22    9  114  102   25    5 -127   99   -9   -4   -2  -93  -66    0  -81   49   66  115   83   27  -90   12    0   62   35   33 -101 -102   76    2 
 -52  -30 -117  -66  -56   37   68  -55    8  -69   69 -122  -34 -125    7   13   52  -55    0    7  100   39 -108  -27  -27   55 -122    0   81   82 -126  -99  -75 -114  -36   -3   51  -96   71  -69  -37   12  -62   57   16   73  -58  -60 -110   71   76  119  -18   96  -36   83   23  -30  -45  -24  -76  -43    5  -23  -29   97  103 -106 -127   46  -46  -36  -70   20 -107   74  -35  -36 -113  -17  -93   91  -26   17   59   66  -28  -46  -92   55   58  -39 -116  -65   66  -16  -95   41    6  -94  -41   88   -1   18  -20   20  -36   73  112  -21  -71 -109  -58   31   36 -127  -30 -120  -45    6   63 -115   95   76  -51   34  -68  -18 
 -53   66   16   35   27 -113  -75 -121   36   17   81   20  125 -118   40  -61   41  -52  -59 -117  -43   24   18 -108   38  -15   96  115 -109 -100  -31  -33   95  113 -126   -6 -127  -73    1   37   72  -46  -71   69  -36   97 -119 -122  -82  -50 -111    3  102   35   23   12 -107   -8   -1  -88   20   96    7  -13   82    9  109   83   64  -17   -8    9   65   49  -50  -98   19  -41  -92   65   37  -75  -60   12   89   91 -104  110  -45   24 -106  104   -8   30  -37  -54  -89  -55  -99  104   56   21  -15   -7  -57   63   23   90 -105   59   27   60  113   95  -56   74   58  -31   56 -114  121   78  118  -15  -20  -47   60   20 
  26   89   -4  -46  -17  109   76   54   44  -29   16   67  -97  -85    0 -112 -118   72   90   68  -87   18   82  -94  -32   72   20   77 -102  -48  -31   52  -87   93 -121   24   74   83  -50  -10  -74   94  -70  -43 -119   58  -27 -109    2  -65   88   44   81   42   78  -78  -13  -30  127   13   50  -32  -63   92  -67  -56  -12 -121 -101   67   -3  -46   33   55   39   43  -15 -115   62  116  -52   22   32  -98  -63  -18  -48   52   81  -49  -63    3   47    2  -33  108   75   84  115  102   23  -16  -72  -72  -88   96   99   25  109   34   13  -71  -72  -83  -41   -7   28   39  -83  -19  118  -18  112   37  113  -48   17   60 
 -92    4   34   59  117   91  115  -99   59   87   54   40   -7  -60   97   49  -15  -71  -85 -115   96  -40   -6   87   71  -21   -4   56   59 -114  -12   95   18 -106   26    7  113   13   36   44  -28  -37  -44   93   31  -74   15 -112  -17   58  -98  -49 -110   24  -90   89 -125   35   17   62   49 -123   29  -61 -100  -73   75 -115   69  -17   58  -87   74 -114 -121  -23  -60   22   -6   51  -48   24 -125  -30  -80  -87  -68  -76   76   77  114   -3   83   16   65  111   71   12  124   12  123   54   54   70   69   61  -81 -119  -45   41   61   35  -63   64 -123  -14  105  -63   38   54 -113   24  -77   98  -88  116   81  112 
   0   77   -4   -4    4  -78  -62  -55  111  -15  -46  -62 -101 -113  101  -36   79  107   78   57  -84  -12  -17  -69 -115   34  -99  -75   23  110  -91 -105   60   34   19  -64   84   85    9   68  -57   91 -122  -30  107  108   62   58   87   13  -13 -125 -127   98  -65 -114    5  -36  -60 -100  -53  -23  -77 -121 -117   71  -57   96   28   80   36   99   43   42  -59   22   22 -124  -47  -19   17   68  -15   18   39   48   33  -84 -116  101  -56  -41  -50   -5  -34  -38  -62   37  -70   95  -11   94   66  -95    8 -120   55  -97 -116 -120   12   29   77  125  -81  -12   45   80   32   58   53  104 -111 -124  -29  -16  -34   38 
-107   24    5   11  -10  -57   44  126  -49  -29  -99  -37  -20   42  120  -71   39  -88   45  -43  120  -51 -113   46  -75  -96   50   24   16 -112  -66   38   40   67  -79  -98 -117   93 -100  -38  -64  -70   54   44  100   46  101   11   86   18   96   79   95  111   -3 -108 -112  -81   45   32  -65  107  -58  103   47   -9 -123   58  -44  -95 -108   21  -37   74  -63  -65   -7  -89   75  -49   57   43  -98   25   27   27   45   43   74  -38  -53 -119  -58   18  112  117 -119  117   47  -34 -105   67  115  -14   14  -76   50 -121  -37   -3  -42 -107  -88  -11   46   67 -112  -37  -18   91   54   58  100  124  -52   85  113  -43 
  74   32   51   97  -29   38  -44  113   91 -122  120  -74    3  -49  -53   43   68  121  -17   84  -43   93   47 -117   23   20 -121   99  -23  120  -71  -77   24  108 -107  123   19  -23  109  -18  -17  101   36  114  -76  112   29  120  105 -116   77  -66  106   -4  -55    1 -112  -48  -27   -7  -56   30   45   96   10   66   92  -99  -85   73   11   26   46  -80   12   99  -96  -87   91 -119  -74   40  -56  -96  -91   17   33  -75   98 -122   47  -86   36  -36 -117  -81  -98  103  -52  -55   48   88   99  -34 -120  -17  -63  -88   24  -99  -79   78   69   -7  110  106 -117   16  -96  109   22   79 -105  -69  -85  -94  -22  -55 
-119   54   18   57   14  -11 -104   22  100  -39   62   -4  -10  112  -53  -68  -23  -71  -90  -12   73  -58  -31  -32 -107   -7   27  -64   27 -123    9   37   59 -101  -34  -54   16  -10   96  -12   80   31  113  -58   15  -68    2  120  -11   41  -19  -65  111   78   31 -123  -57  -70  -59   99  -65   79    8  122  106  102  -60   -5  -35  -91  111  -83   68   96  -13  -45 -100  118  -53   18   31   56   81   14    7  -16   19   78   42   89   49  105   40  -71   99   18  -96  -88 -115   -3  -51  125   42 -111   93  -99  -28  122 -109   47   12   50  -24  -35  -63  111   77   84   61   -9   45  -17  -32  -43   40  -61  104   72 
 -21  117  -59   56  114  111   73   80 -115  -83   74  -96   93  -42   83  -59   51 -108  -76    0  104  113  119   22  -32  -41  107 -119   26   83   81 -122   73 -105   62   59 -122    8   11 -109   53  -43  -76   18   43 -121   87  -34 -101 -117   94 -125  125   85   25  -35  -84    5  -26   71  -40  -72   77  -95  -49   11   93  -43 -109  -24  -23   73   62   29  -37  -23   36  -77   72   63  -66   38   66  -69   -4  -36   25   40   97  127  -17  -71  -73  -68  -37    6   72  -72   92   91   32  -59   36  -34   98 -128   72    6  -77   16  -59  -15  -74 -121   45   50  -29  -58  -37  -60  -59   74   -2   -3 -121   89 -125   79 
-111   95   42   49  -92  -49 -112 -122  -49   88   12    2  -24   81  115   30   89   32  -47  -68  102   44    1  -84  -10  127   41   -3   88   44  -52  105   12  119   26   48  -58   42   55   21    2  -61 -105  106 -107 -118    9  110   43   90  -86   17    6   43   61  124   42  -26   -6    2 -109   70  -21   31   61 -122  -49 -125   48 -122   24  -77  -54   47  -99  -33   58   38  -51  -27    0   -9  118 -122  -93   52 -125   77 -102   -3  -48  -83  -61   59   76 -127   65 -100 -124  -14  -94   29   37  -20  -52   66   75 -122  -23 -104  -21  105   16  -30  112   51 -106  115    0  -80  -16   80  -34   51   12  -86   52  -51 
 -58   57   63  -23  -42  -28   85   34  -89   33   41   16   57 -108   -7  -55  -10  -23  124   12  -36   -3   61   76  -51 -101    0   89  -59  -76  -89   12  109  102  117  -61  -53   74  102  -14  -21   15 -126  -91   35   -5  -18 -102  101  -21   38  -63  104  -29 -114  -75   -2   14 -113   68   66  -74  -48   48 -100  -59  115  -25 -113   89   89   -5  -24   91   32 -116  -41 -114  -90  -68   -7   76   -3  -31  -80   11   23   46 -103   38  -14   92   92   66   12  120 -121   -1  -32 -105  -39  -71   18   65 -107  -78   77  -20  -64  115   40   58   64  -91 -101  112   49   50   30   74  -40 -111   38  -76   83  -78  -83   91 
  50   13  114 -117   70    4   76   91   54   26  -57  118   13  111   48  -51 -107   76  -67   70   -2   92   16   87  109  -73 -117   64  -23  -72   27 -101   69   13  -90   12 -111  115  -25   71   13   47   62 -102   30  -18  -24   51  -70   37   -7   57    1 -118   16  -18  -63   27  -81   42   84   74   70   25  -40  108  -91  -23   95   13  -79  -20  -68  111    7   90  -35  111   14   24   20 -121  -47 -106 -111   97    4  -46   -4   51  125  -48   -2   67  106   86   47 -113  -65   15   28  -16  123   88  -33    2   51   61  -15  -63  -43 -122  -56   38 -100  -38    7   32   44 -125  -44   41  -44   82  -20  -66   40 -100 
 -51  103   43  106  -40   38   66   55  -87  -11  -12   26   54   73   32  127  -17   60  -39  118  -35 -123  122   49   47  -50    3 -101   12  -85  -73   89 -110   98   67  -22    9    6  -94   50  123   22  -52   50  -32  109   49   79   41 -118   70 -122 -113   64   55   62 -114  -70   90   26  -27 -111  -13   -8  116  -73   98   -3   61 -124  -81   56   27   -5  -22  123  -24 -101   74 -110  -91   16 -104  -75  -48   80  115  -34 -118   77  120  -16   95  -20  104   83   35   74  -48  -32   79   -1 -104  -22  122    3  -27  -29   30  -81  -11   68   64   13  121 -112  -35  108  -17  -24   58  -25   88   25   83   64  -20  -10 
  10   60   86  -39  -69  111   67  -75  -14  -88   24 -112  -40 -115   84 -104   27   77  -88  120   58   23  -32  -12  127  -72 -115   82  120   -7  -55    3  -75  -97   92  -16 -114   32   37    0   72  -66   17  -96  -53  -27  -72  102  -77  -31   95  109  120  -65  -31  119   -8  -18   74  -16  103 -109  115 -100  -78   80   12  -63  -16  -79   65  -72  -17  -46  -39   59   56   17   33  107  114    0   88  107   64  -71   98  -72   39   44   40   14   63   28   42  114  -20  -74  -77   92  -25  116 -108   87  -57  -19   18  127  127  -77  106  113   52   66   92  -12  123   63   44   34  -21  -44  -80  -85  112   90  -99  -36 
-112  -48  -72   -9  -60  -51  -50   11   58   96   10   57 -108  -12   43   72  -74    7  -68  -79  -58  104   83   50  -68 -125   93  -83   93  122    9  109  -54   66  -27   14 -113   51 -102   73   20   36    3   40 -103  -82  -16  -49   53   44    1  124   20  -44   46   80  -40   11  125  -75    5    7  -93   79  -55    8  -35  -40  -69   -9  -95   79 -100   36   -9  -75   82  103    4    8   19 -123    4  -89  -38  -78  120   50   61  117  103  -62   -4 -118 -111   69   18  -18  -99   78  102  -65   29 -126   99 -107  -73   54  124   59  -66   16   65   66   55 -101  116   47   77   49   37   52  115  -95   63 -124  103  -47 
 -14 -124  -97  -40  -61   61  -38  -89   82   17   93   78  -51 -101  -34 -114   93 -106  -87   81   69  118    2  -22   42  -11   12  -23   -7  -13   59  107   -9   90  -60   59   23   30   98  -23  -80   63  -72   -3   90   22   11   55   44   52    8  -14   42 -118   92  -44   -1  -24   62  120   91   -7   99  -45  -45  -89 -114  107   70  112  -44  118   47   12  -13    9  -93  126  -64   79   50   72  -63  -36   82  -98   48  -47    6  -18  -55  -30  103  -84   53  -69  -44   67  -90 -102   51   -6 -112  -30 -121    3  107  -86    1  -85  121  -77  115  -69   15   69  -39  -65 -106   95   46  -33  -63   21   11  118   80   95 
  57  118  121  -20  -15 -119   78   -8   12   57   34 -115  100   27  -64   87   86   79   28  -81 -113   50 -113   61 -111  -48  -46   29  -57  -93   -4 -128 -103  -10  -19   10   -1  -69 -126 -116  117   36 -103   89  -64  -38   49 -106  -87  -51  -58  -72 -128  -43  117 -111   37  -56   46  108  -21  -85  109    4   33  -38 -113  -96   21 -111  -84   10   54  -58  -28  118   32 -107 -116   73  -30  -46 -126  -30   39  119  -12  -51  -65  -94  -71   42  -51  -90  -81  110    0  -66 -113 -106  -49  -69   32 -123    1 -124  123  -95 -103 -120  107   -4  -38  109   94 -126  100  -46  -49  -92  -11    8   78   66   47  125   49  -81 
 -69   64  -59   11  123  102   16   -3  106   12   30 -124   20    9    0  110  -10  -34  112  -37   49  -65   -1  -90   72  -51  104   -9  -53   25   38    6  -39  108 -111  -43   82   34   82   60  -82  -16   64   66  122  -64   48  -16   31   33   75  -48   96  -54  -10   40   24  -34  -97   99  120   70  -23  -47   50   -5   38    4  -99   -8  -64  -53  105 -127 -115   99  -63   61  -45   96  -34  -97  -80  -65  -23   38  103 -127 -123 -121  100  125   77  -50  -50   -1   73  117 -125  102  -19  -61  -79  -42  -60  -66  -71    6  123   13  -26  -38   44   23   25 -107  -67    0 -105  -62    7  123  -65  -44  -55   14   83 -110 
   3   86  120  112 -102  -87  -57  -34  -25    0  100  -29 -115  -53   61   57   98  -42   79  -97   86  102  -30  -34   97   33   50  -85  -81    6  -67   50  -36  -74   35  -10  -33  106   85   71  -22   57  -86   -8 -124  103  -79  102  -67 -128 -122 -109  102  -24  -15   72 -119  -92  115  -71   42  -80  107 -122  -26   14   -3   70   -8  -46   13   99 -117   55  -37 -112   30   12  118   91   13  124  110  -13  -28  -32  -69  -18    4  -82   39  -82  -33   18  -76   69  -95   49   11   25 -125 -104   -4 -113   79   87  -97  -19  -28 -107  -56  113 -110  -73  -28  -10   23   32  100 -101   78   11  -55  -83  -98   -3  115  -65 
 -81   -2   88  -78   23  -43  -63  -26  -84  -32   84   16  -10 -100    1    8  -45  102  126  106    6   99 -123  -44  -18  -50    2   12   76  -11   75  123  115   36  -83   10  121  -17  113  -91   79   69   54  -59   97  -73   77  -75  -99   76  -97   35   47  -91  120  -99  -13   -6   42  -65  111  -11  -70   98 -103  -24  -19 -110   87  -34  -72   38  -93  110  108 -124  -91   57  -71  -61    5  -39  102  -76   -2   94  -46  113  -40  124  -79  -57  -15  -21  -86   11   83   23   29   42  117   85  -47 -104   67  -67 -100  105  118  -42  -84   -4   47 -110   48  -83  113 -126  -98  -55  126  -49   17  -16   59   59  123   14 
 -46   24  -71  -57  -18   10  -33  -79   71   -5 -102   61   81  -58  -71    0  -39  106   45  -54  108   76   19  107 -101  -92  -37   86   95  -42  -27  -79  110   30   -8  -36  -88   87   14  111  -45   40   44  -92  111  102   37  -56   80  -46   18   60  -98  -91   39  -70  -54 -126 -112  -87  -40  -11  -37  -57 -109   83   35  -69   43  -79  -86  126   90   87  -94   73   61   71 -111   13 -102   35  -55  -72   72  113  -14 -110  115    3  -68  -52  120   23   19 -116  -22  -74  -57 -107  -24  -14 -109  -62  -55  -74 -117 -122  125 -100   19 -105   63   92  -48    7   77   66   26   65  -59   86 -115  -66  -19   32  -54   87 
  86   17  109  -66 -125 -128    0  -52  -74   11  -46  -76   39  101  -53  -26   66   27  110   15  -34    8  -48   35  -34  -35   97   75  125  -85   34   84   61   15 -110   64   16   19 -115   70  -98  -33  122   70  -59  -58  -84 -121   97 -102   22  -65   34  103   99 -128  -60   68   75  -62  112  -18 -106   45  125  -88  -19   13   59   -6  -44   90   90  -50   32  -97   20   76  -90  -10  103   60   53    9   35   24   10  104  -35  -43  -86  -51   67  -64  122   65  -24  -25  -50  -92   98   34  126   60  113   30   91    5  -22 -127  123  -47   61   49   91  -31  -55  -27  -55   38   58  -13  115   -2   51  109  -65 -101 
 -43   13  -65  -73  -80  -67  115  -95   91   78   38  -58   79   34   23   12  -45  -14  109   28   87  -74  -61   18   41  -74 -112  -36  -92  -49   -8   -7   92   55   48 -116  117   35  -83   80  -15   84 -106  -64  -10   46   76   73  -96   58  -27  120  112   40   10   26   95   26  118 -125  105  -18   -4   69  -90  -84   82 -101   79  127  107  -64   83 -126    0  -55   48  -52 -110   80 -122   -8   72  119  -96  -46   17  127  108    7 -126   85  118   -2   27 -100   42  -19  -73   -7  -20  -94   57  -64  -92  -71    9   84    6   28   37   12 -108  -19    3  -76   64 -108  -76   44   28  -74    2   18   53  -99   46  -33 
  10  101   89  118 -121   18  -74  -84   76   64 -128  -46  -36   37   94  -16 -109  -30   36   83  -10   88   -1 -110 -113 -127   36   68  -98  -46  -93   40  -73  124   31  -65   15   85  -21  -37   21  -21   45  113 -111   11  -31  -92  109 -122  119  -28   94  -10  -10  109   -8 -101   49   22  -19   85  -65   37   81   94  100  -32   51  -49   59  -55   58  -24  -70   75  116   28  111   97   34  102  -59    0  -35   60  -18   85   87  -97  -21  -60  116   42  105   70    8   77  -90  -68 -100   98    5   87  -54   63   34  -66  -37   18  -96  125   -8  -27   -2   85  -95  108   42  120 -117 -106  -67 -128   64  -90   70  -55 
 116  108    5 -112   78 -118  103 -103   73   10  -41  -91 -100   -9  -94   20   93   32  -22  126   12 -108  119   24  -86  -76   24  107  -38  -34  -76  -50  -54   57  -33 -103   67  -58  -78   12   80    9   49  108 -127   84    1   94  -12  107   92 -127  127   83   25  -86 -121  -79 -107  -30   15  -55   48   89 -126 -113  114   69  -42  -92  -47  -90   46 -125 -109   47   87   20   13  -53   -1  -23  -52   -2  -67  101   40  -60 -106   61   38   37 -122  -41   -1 -120  -26  -15   77   60   22  -97   99  -60  -94  118  115  121   10    0  -60 -119  105   17    7  -90  -10  -80  -21   13  109 -111  -78  116  -24   49  124   79 
 -93   74   11   57  105  -18  125 -117  -28  112 -124  110  -16  -56  119  -39   89   -1    0  -48   47  107   93   28  124 -113   16  -27   65   13  -76  100  -41   63   29  -64  -82   26  -53   18   10  -49    1  122   23   -8  -45  -15  119   83   65   38   62   30  -61   59   45   83  -96  -18  -32  -44  -46   55 -109  111  119  -63    9  -62   84 -109   17  -43 -115  -87   77  -31   26   69  -76  -37  -21  115  121   46   46   38    2   78 -107   98  -94  -25   26  -75  -41   17   -9   96   84  -53  116  -27   32 -127   14  -19  -30  -88  -78   23    3   30   10   -4  -52  -72  -93   78 -122  -72   49  -88   31  -53  -35  118 
  92   84   87   48  -97   75 -106   63   76   36  -83  -81   77  -33   70  -48  125  -48   77  -54    8  112 -104   14  -88   73   54   71 -108 -109   62  113  104   21   33 -121  -32   55   71  -84  -36  116  -37  -87  -45  -95   -7  -47  -15  -58   27  121  -74   51    7  -34   -3  -67  -90   17  -47  100    2  -71   -7  -92  -64   89   91 -121 -123  -73  123  -31  -32  -49    2   90   32  116  -96  -69  109  -41  110  -11   53  -21   50   91  125 -125   63   -1  -68  -72   35   -3 -111   -1    4 -105   54    0   -8 -105   79  122  113  -17  110 -111   42   92  -24   24  -47  -98 -124 -125  121 -127 -121   57    0  -61  113  -92 
  64 -125   35  -59 -102  -39   69   18  -16   20   12  -31 -125   -5  -13   45  -41   91  -59   40  121  -55   43  115  -54   50   44   75  118   29  111   54   32   18  123   58  107   64  -52  -36  -44   89   61  -41  -44  -80 -124   43 -116  -54  -45 -123   19  126  120   94   49   36   41   39  -62   24  -35   98  -86  -39   29 -107 -103  105  -15  -18   66  -81   69 -106  -33   74   65  -21 -108 -108  -15   39 -109  -23    5   68 -114  -82  -21  -48   70   72  -78  112  -95   79 -122  -69   57   -9   41   -5   38  -18   18 -122  -72  -45  -15  -52  -24   98  116   -5  -52   -7  -65  -38   40   42   42  -18  -14   92  -33   20 
  44  -27   79  -27   92   -8   96    3  102  -14    9  -97   70  122  -21  -82   93  -33   41  -87   89  104    3    1   18  -83  111 -124 -119  -50   24   53   51  -25 -102   16   95  123 -109   70  -19   28  101  -77   22  -48  -31  -13   48 -118   28    9  114  -97 -118    4  -52  121    9  -42  -56  -95 -117  123    9  -90   11  -24  -95   30  -82   14  -70 -109   66   81  -28  -93  -60 -108  -82   97   29  -96 -128   39   37  -51   32  -82   35  104  -49   46  100   88   84  -17  -63  117 -114  -17    4  -56    3  -58 -103  103  -23  -34  123   23  -65   24   56  -65  -65  -35   12   95   11  -81   72   90   94   44   51   50 
-101  116   40  -87  -29  -84  -14  102  -14   11   77   91  105   72  -13  -88  -32  -85  -24   31    8  116   -1 -109  -92  -57  109 -126  115   32   52 -114   20  -36  -72  120    8   42   94  122  -75   44   86  -97  -12  -55  -57   85  -12   47  -12  124   36  115 -113   72  -70  124   74  -83   29   -2  -68  -79   91  -12  -87  -29  -98 -120  -34  -45   52  -76  -14  -88   -3   58  125  113  -23  -14  109 -115  -27  124   85   32  120   31   77   21  -98 -119   71  121   -3  112  -36   27  120   58  111   44  110  -31   85  -21 -101   82  -36    5  -60  -55   18   42  -59  -24  -54  -66 -121 -105   83  -91  -95   26  -98   30 
  11   -5  -70    3  -75  -87  -80  -92   10 -123   15   38   87  108  -85 -100  -75   61   70   -5  -91 -112   57  -83  -89   12  -46  -56  -89  -15  103   50  108  -95  -75  -95  -54  -27  -59   84  -22   85   -6  -62   65   37  -34  118  -29  -92  -15    8  -76  -86   53  -37   55 -120   36   94   -7   11   16  -27   44   69    6  118  -85   76   74   21   33  -59   87  -30  106  -75  -40  -51  -39   74   86   13  116   11  105   43   19   13    9 -116 -104 -103  -15   68   95  120   58 -118   68    4   31  -27   73   -9   71   52   44  -97 -127 -122  105   87   19   94  -29   -4    9  118 -119 -109 -125  -95  -84  -12  101 -117 
 -20   31 -107  -80  -92   53   21  109  -84  -36   33   88   -4   35   94  -27   -6  -14  -61   93  110   77   84  120   96   87 -103 -116  -53  127 -104   56   30  -83  104   66   98   -2   48 -114   90  -47  103  -42  116   69   60  -17  -73  127  -52  -90   76  -96  -98   44  119  -73   57  -61  -74   81  123   85  126   99   23   97  -31  -57  111  -68   25   86   18   13   28  -50  124   83  -50  -55  121 -102  -23 -105   71  -31  -49    0   36    5  -47   31  -38  -49    2  114  -80  100  -71  -96  -96   82  118   50  -32   18 -127  -36  -26  -49   37  -33  -23 -113   -9  -80  -16   70   48 -108  -53 -127   51   38  -47  -75 
  24    1 -103   81   33  -71   36   24  108 -124  -86  109  -32   16  -68 -122  112   37 -107  -25   86    5  -83    6   25   -8    8  -52  -98   89    1   54  -38   27    8  124   84  -84   20   64  -80   62   45   16  -49  105   22  -65   15   43   38  -27  -80   83  107   73  -53  -13 -107  -22  -52   23  -96   39  -78   40   35 -122   84  -73   71 -124  117  -12   21  -60  -34  -85    3  109   87  -87  -46 -121  124  -67   81  -56   49  102   50  125   -3   82   36   47   -5  -57   54  -49   -2   -3  -44  -12  113  105   56  -49 -108  -68  -68  107  -27   14  115  -30   76   68   42   -3   42  -36   -6  -88  -82  -97   87   41 
 -26   13  121  101 -118  -51  -39  124  -74 -111  -53  -54  -51    8  -74   51 -106  -87 -107   98  109   63  -33   23 -101   90   63  -55  121   23  115  -33  -92  108  -60  -81  -71   29  -85  -17   47  -10   57  124  126  111   47 -107 -104   68  119 -123    3  -41   29   30  -79  -36  104  -86  115   91    9 -104   71   78  -57 -128  -21  -14  -17 -102  104  -88 -105  103 -104   70  124  -80   11  115  -74 -114  -54   83   45   -5  -81   21   37  -93  -16  -81  -69  -73  125    2  -73  -24  116   38    3   92   78   26   67  102  -32   63 -105  107   51  -51  122  125  -96   39   -7  -49  -68  -98  -14   44  -51   45   99  -54 
 -81 -102   51  -93   64  -74 -128   14   80   67  -11  -80    3   12 -100  -74   89 -106  -77  121   61   44  -56  121   75   59   37 -104  -24    8  -29   24   34 -106   59  -30  -52   59  112 -100   -1  -27  -52 -126  113  -24  -72   74   -2  -21   67  -69 -104 -116  -76   99   71   89  123  -81  -31  -34   71 -125  -12    3  -27   64  -66  -42   92   61   59  -87   63   45   17  119   -9 -112  -29  -69  -53   -5  -57    0  -34 -114  -39  -39  -67   59   56 -123   62  -84    8  -92  109   70   -6   73    4  -75  114  -61   98    4  -69  -38   20   30   21   95 -103   92  -33   -9  106   57   80  -89  -12    8  -84  -78   53   52 
 -42   34   -5   80  -21  127 -122  -34  -62  104   98   -3  -62  -10 -101   87  -43  -76   51   53   43   29  -18   -4   69   98 -124  113 -108   57   38  -21  -37  -95  -69   71  -96  -63  -91  -30  -86 -121   96  -20   -3  123  -60   82  -80  119    7   91   21  117  -41  -38   87  -36  -53  108 -107  113  -41  -15 -110   18  -72  -78   84  -35   21  126  -28  -11  -22   97  -16   46   51   32   38  -69   -4  -69  -80   83   21 -120  -81   96  116  -59   82  -53   54  100   93  110 -105   49  -53   44   47   47  -95 -102   16   17   72  -61  -78  -18   -2   46   41   47    1  -66   55   49  -97   43  118  113  118   44   85   83 
  26  108    5  101   24  -76   20   57  -50  -92  -53 -105  -25   -3    5  102  -85  -81   21   44  -19  -52  -35   12  119  -45   -3  109  127  -45   64   25  -65  -59   -2   88   -6 -110   17   72  -74   92   95   30  -39  -27    4    4   20 -103  -79 -127  -27   14   14  -36   98 -117  -55   97  -34 -119   -5   30  -49  121  -10   73 -116 -121   17  -62  100  -15   96  -67   86  -28   66  -22   -3  115  -21   98    1  121  -66  -29 -123    7  -59  -29   17   64 -127   96   57   -9   41   69   -1  -70 -120  -29   43  104   32    1  -51  -30  107   74  -43  -41   45   87  -48  107  -70  -43  -13   -1   57 -124  -65   58  100  121 
 -78   13   62   49   71   70 -108  -13   47   52  116  124 -105   96   70  -20  -73  -13  -61    7  -33   -2   93   82  125   22   86  -67  -48   58  -74    2  -57  116  -77 -114   59  -57    1  -22  124  -10  -26 -109  -42  -84   -1   13   32   67 -108  127  -63  113   81  -66    7   39   -5   88  -31   49  -38   40   38   14   54  -31   85  -72   75   81   46  -79  100 -124  -35  -28   17  125  -89   37  124  -24   23   77   38  -98  -12  -94  118   85   83  -47   -3   -7   95  -76   90   52  -20   37    6 -102   86  -22  -98  -76   78   47  -79  117  -44  -82  -35  107  123 -124 -118  -16  -90 -128  -59  121  -47   67  -13  -80 
 119  -51  101  -29  115  -21   -3   73   85   27  125   36  -54  -81   25   30  -35  119   10  -40  123   20   72  -95   20 -114 -102  102   81   13 -106   72   91  123  -85   78  -26   40   23  -68  -61   21   96   13   68   -7  -85  -95  -16   53   -7  -21  -55  -62   12   94  -48   39   68  -95  -76   90  105 -113   86 -108   93  -68   60  -11   -8  127 -118  -40   12   78   82   55  111  -62  -19  -24   46   54   42  -70   20  122   97  -40 -101 -106  -77 -124  -91 -119 -104 -125  -59   84   -8   62   83    2 -106  -33  -48  104 -105  -65  -85    4   39   89  -70  -46 -109   79  -52  117  -89  -24 -117  -38  -20  -80  -29    5 
 -77   41  -39   43  -25  -83  -83   -3   12   -3  -26   35   60   17  -89  -28  -22  -30   54   -3  -79 -126  -14  -40  -22   -3   51   87   46 -106  -36   97   63   53   13  -90   98   58   36  -17  -72 -118 -110  116   27  -70  -40 -123   28 -114    2   77 -111  117  -91   -5  -14   88  -46  -96  111   46 -126   46  -28   15   85  -58  -55   -7   53    1    3   72  -10  -98 -126   78  -93   30   93   37  -21  110   26   16  -23 -115  -23   60  -83  -40  -22  -81 -122   78   62   91 -107 -120  -44   74    9   87   18  127  117   20   78 -104  -78   43   62   29   25  -40  -82 -126  -27   23   62   19  111  -87   66  117  119    1 
  81 -116    9  -91   87 -110  125  -23 -110  114  126   96 -117  -80   11   73   78  -92  -95  124  -90    7   19  101 -102    2 -114   92   -9 -123  -35  -56 -110  102  -18  105  121  -21  -46 -117  -35  -48  107  -24    1  -10  -79  -49   26  -45  -53   64   90   94   37  116  -32   51   80   87   57  -82  -96   75 -108   14   52 -115  121 -122 -104  -42  -41 -125   63   88   -7  112  -89 -109  -61  -14   84  -99  -48   -7 -111   48  -83   98    7  102 -112   39   49  -92  -75  -27  -78  -82  -21  -54    5   66  -50  -60   26   71  -76   65   91   -8  -77   47   21    3  -88   39  -77  -43    9   59  -69   25  -30  108   61   24 
 -47  111   70   61  -70  -53   -1    8   15 -102  -49   68   91  -86  -68 -113   89   81   18 -126   -8   70  -41 -127    1   19   26   99   -1  -40   -5   81  -57  -62   14    1   13 -115 -119  -99  -89  -39   97 -125    3  -99 -110  -35  110   36  -33  -25  -22   54  -24  107  -55 -125   79   73  -37  -54   26   34   12  -88  -92 -102  -75  -83  -73  -35    6 -104  -32 -118  -75  -14  -25  -93 -106   70   10    1   -4  115  -20   70  118  -69   15  -47    6  -87  115 -110  -47 -105  -84    6  -59  -29   99   75   -5  -61   85   48   53  -68   84   76 -126  -34  -51   -1  -47   57  -59  -57  117   84   24   -5  125   12   13  -50 
  35   58   84  104  -99   56   52   25  123    9  -55   49   70  -99   -3   72   -4   74  -57   77    3   12 -107   -8  -32   45  115  -35  -71    1   43   93  -69    0   69  -40  -72   -7  113  -77 -125  -69  100   73  -40  -31   17   84  -85   89   34   47  -27   55  -89   70  -28 -101  -93   30   28   79   -5   87  -49  -64  -81    7   58  -95   58   61  -36   31    6   52 -128 -105    9  -84  112  -85   91  -42   98 -126 -100  -58  -99  -65  100   57 -114  -33   16  -35   32   64  100  -38   97   31 -105  -67  -66   29  113  -66   52   -6  -22   37   37  -59  123    7  -56 -105   78  -27  -42   50  -97  -27 -110   47   66   50 
 -17   39 -116  -48  -58  -93   13    4   64   -1   66  -12  121  -83 -103   31  -14 -108  -90   58  -85  116  -96    2   39  -65  103   57  110   41  -21  -34  -48   -9   46   22   26  -68 -102  -38   59   93   78   52 -118  104  -45   -4  124   -6  -73  -88  -18  -41   42 -107   22   17   78    4  -70  -71   98   11   48   17  -95  -54   77  -68   36    8 -103  -13  -68  -93  -37   16   31  -41 -118   86   -1   -8  -83  -87   14   67   58  -36  -56  117   22  -86    0  -58   59   33   17    8   93  -75 -112  118   40  -51 -103 -125   93   57  -37  103   15   90  -33   61 -124  109    0   62  -54   72   51   96  115  -77  -90   46 
  85   55  -73   50  109  -57   41   21   20   66   25  -15   -5  116  -40 -117   78   56   72   82   37  -56   17  111 -111  -60   79 -124   -8  118   50  -51   45  105  127   26  -79   40  -80   69  -21   73  -73  102   61   15  113   11  -57   57  -34  109 -126  111   92 -109  -77   44 -105   43   34   73  120  -49   51  120  106  100   32 -102   41 -117   99   96  114   32  -16   99  -85   55   29    9   36   31   -8    1   50   44  -83   73  -41   79   18  -48  -98  -59  -56 -120  -87  104  -94   83  116 -123   51  102   37  -93   73   81   91  -26  -38   -1 -123   83 -128   55   -1  -83    0   86  124 -109  -90 -101  -40  -18 
 -93    2  -41  -58  -43  -53  -53 -120  -79  113  -84  122   66 -121  -31 -100    6  -26  111    7  -98  -18   52   30  -59   49   49  -21   76 -118   90  111   12  -79  -75   97   -4    1  105   45  -14 -107   39  -76 -100 -120  -48   35  -17  -64  -86   13   46   94  -85  115   15   93  -33  -37  103  -71  -53  -13  -22    0  -44  102 -127  -67   19  -13  -45  -70   39  -17  -61  120 -110   50  -72  -68  -65  102 -101  -22   90   42  -57  -71 -122  -82  -14  -47   33   92   81  117   66   83  -77  -43  -58    6   15  110  117   82  102 -120    4  -98  -60   67 -124  -33  -82   94 -118  -11 -105 -112   36    9  -31  -59  -27  -78 
 -69  -89 -123  -18   -4  -52  116 -116  -70  105   94  -96  113  -29  -66  -74  -90  -62   21  -44  -95   31   74  -72   47  -18   66 -112   51  -89  -61  110  -49  -56  -36   75   20  -48   87   78  -70   54  110  -85 -103  -84  -31  -65  -17  119   20   16   22  -34   72  -58   76   10  -42   -1   50   25  -18 -127   98   74   76  -10 -101   36  -59  -43  -38  -77    0  -13  -32   98   50   79   89  -58  -33  -17   36  -89   53  -16   50 -116  112  -28   37  -34  -27    7  -88  -79  126  -61   85  -61   24  -81  -10 -103   34   86  123  -43   37   84   27 -124  -61  -64  -84  121   48   94 -123   32  -62   42  126   39  -78  -89 
  88  -80  -22   46  -13 -125   93  105 -100    0   64 -105   85  -27  107  -16  -22  -82   48   22  -89  -31  -12  -84 -127   54   87 -128  -35 -119  -89  -75  -71   17   99   44   20   65   21   48  -63  -43   71 -106   59   50    6  -91   97  -73   59 -120   24  -81  -75   25  101 -116   25  -62 -107   64   -9  -50  -46  -37  122  102 -100   15   23  -35  101  -34  -13   32 -111  121   69  114  -80    0  122   72   47  -81  -30   20  -69  123   86  -48   60  -51   30 -114   40   24  116   68  -88   11  -95 -115  106   20   45  123   14  -14  109   62  114  103    7   33 -105  105  -75  -46  100 -117   35   32  -40  -63   46 -127 
  90   35   69 -126  -82  103 -113 -104   -5   60 -109 -119  -82 -128   72  -96  104  -49   65  127  -72  118  -47 -100 -127  116   61  -39  -74  -21  -38 -112 -114  -96 -110  -67 -121  -95  -43    2   93  -23   12 -117  -23  -44  -85  -47   35  108  -48   91   98   34  119   99   22   52  -68   76  -96   23   92  -82   55  110  -21   62 -113   65  -64  108  -86   76  119   19  -96  -94  101   67 -114  -75   30  112   87   22   83  -18  -54 -112  -70  -22   39 -105   25  -34 -123 -124 -100 -107   69  -36 -127  111  -87  121    3  -55 -101  -24 -115  -86   29   43 -102  -11  -63  110   99   12  126  -99  118   37  -76   15 -125  -70 
  20  -97  -49  -39   -5  -48  -55   36  -55   76  110  -27  -76  123   15   81   38   41  -58  104   23  -87  -12   21  -57  -22  -70   -5  122  -67   53   14  -36 -124  103   88  -43  -80   -4   30  124  -22 -125  -80  -27   18 -126 -116  -68  -56  116   83  -14  -24  -23   57   82   35  -76   76   97  106  -38  -67  110  -62 -107  -61  -14   18   98  -17  124  101   31  -30   -8   33  -18   52  106  -30    7  -36   74  112 -107   28   20  -55  -23  -11  -77   67   50  -94 -123   72  -27   -8  -38  -57  103  -42  -83    6   56   37  -88  -90  -39 -110    8   96  -18  -46   81    3  111  -27   76  -40   90 -128 -101   12  -94  -95 
 -44    7   25   46   79    0 -123  124 -122   61   33  -82  100  122  -64  -20   90   46   63   43  -79   46 -112  126 -122  106  126  -95   -9  -96  -62   75   39   91   -6  -10  -37   -1  -14  -30  -68 -109   16  -96 -115   81   13  104   -1  -52   19   49  122   36   47 -128   14   45  -95 -123   77  -28   81  -12  -65  -53  107   27   74  -35  125 -122  -15   13  -89   -2  -34   52  -26   94 -128  122   15  122   30  -66  122  -84  107 -101  -78   56   -1 -125  -84   63  -50 -105  -38 -104  -11  -41  -98  102  100  -59  -28  -61  121   75  -95  121   69   48  115  -29  110  109   15   89 -119   65   17    8   68   61  -57 -110 
  85   33  -86  -54  120  -55  -80   93   14   20  -96    8  -33  -63    1  -92  113  -11    7   95  -30 -105   56  -21   88  -55  116   29 -122  -69   47   91   93   90  -91   85  -93  -43   50   49  106   82  -71  -55 -109   59  -18 -124  -80  117   99   18 -116   27  126  101  100  114    2  107  -83  -79   70 -118 -117  108   96  -82  -63   18   96  -85  -27 -103  -11   -8   84   99   -3 -124   88  -32   23  101  124   21   74   96    7  -52   75   52   -3   18   63    9   -2   31   55   63  -79   23  107   22   49  -32 -113    5  -61   12   10 -101  108  -95 -128  104   54   74   73  -67 -106   20  113   20  -90   48  -99   36 
 -49   84  -28    1  -20  -49 -105  -99   47  -90   34  114   50  -84 -115   31  -51 -114    7 -125   88  -48  -64  111  101  -78    3 -117   98   32   48  -78  -12 -108   51   96  -29   74  125 -110  113   32 -124   35   76 -111  -62 -102  -97   74  -99  120 -102  -34  103  127   16  -22 -117  -14 -118   59   36   -2   79  -41  -33  -78  -94  -36  -60 -109  124  -56   54   73  -39  121   99   -7   67 -128  -15   93  -34  -40   93  110   66  104  -31   76   35 -123  -54  -14  -35   41   36   -1 -122  104   18 -126  -80  -56   75    9  -63   46 -126 -124   47  -13   98 -115   75   63  124   13   39  -35  -39  -54  -30   36   60   63 
 -51  -32  -66  -45  -56   80  -42   -8 -103  -95 -127  -38   80 -124  -33   -1   -9  -63   12  -61 -128    8   80   39  101  -86  113  -56   78   45 -121 -101 -115  -58  -17  -43 -106   69   77  -81  102   78   10   54   82  105  -75  -54  -86   66   13  -86  -54  -35   81  -80    7   66   -8  -43  -17   -1  -15   -4   69   96   81   92   37   30 -117   11  -20   21  -62  -65   -2   -9    9   40  -71 -106   82    4  -13   35   52  123  -27  -84  -48   84   43   65  -48  -15   33  -95  -51  -58   63  -40   82  -84  110 -108  -21  -20   11  116 -107   69 -118  103  -55   -3   11  125   -8  112  -87   73   69   84   10 -107  -59  -84 
 -73   18  -14  118  107  -60  -94   89  -40   13  -59  100    1  -38   41   11  -62  114 -119   77  111    1   61 -104  -54    2  108   85   24  -78 -127   79   68  -13   69   47   56  104    8 -112  -11   78  116  119  -88   29    2  -22   15   11  -73   -2 -115  117   22  -41   -9    3  -84 -113   53  -83   94   -7   33   36  -87  -39   12   49  -23 -127   -1  -34  120   40  123   -5 -110   11 -122  -54 -119 -109  -65   32  -21   54  -93   23   70   88   69   36  -47  -26  -56   -6   63   84  -84  -88   86   43    6   78  -45    2  -55  -26 -115  -48   48 -106  -29  111   54   78   37   89  -26  -21   49  -85 -112 -125   17  -40 
  -3  -48  -83   41   -8 -125  -43  127   81   40    1 -101 -114   14  -21   62   36   78   45  -37   29  -45  -76 -125   62  102  -82   78  105   63  -89  -26 -113  -44 -112    7  -41  -27    6  -88 -115 -121  -61 -100   21   46   90  -70   -3    8   21 -102   91   73  -99   25   47  -53  -24   24 -118   15  127 -103   99 -113   32  -70  -12  -89  -30    1  -82   38   29   68  -44   -8  126   81 -128   19  107   91  -36 -120  -12 -116  -45   92   36  -35  -21   35  -10  -50   50 -105    8  -90  -66  107   40  -20   17  -59  -80  101   61  -82   55   61   65   34   24  -98   43 -115  -86  126  105   78  -36  -43  -14   82   35  -92 
 105  -84  -53  -89 -105  115   20   40  -72   68   13  118  115  -60   51   52  103  -52   82   18  -39  124   16  -62   75  108   23  -67   63  -69  -31   40  -25   44   80   -2   31  -28  -90   88  -88   51   78 -101  120    1   80   95   77   34  -15  -90   31 -127  -23  -22  110 -128   39   45  -69 -120  -43   34   53  -91  -96  -44    9  -58  -84   50  122  122   77  114   -4   29   81  -55  -64  -62  -16   95  -61   89  -55  -79   89  112   94 -107  120  -76   55   45  -39   88 -126   99  -98  -82   21 -104  -87  -30 -118   37 -128   91  110  -64  -99  -34  -97  -31  -73  -24   18 -111  -40  -15  -90  -48   37   93  126  126 
  53 -128   97   84  -82  -10  108  -41   89  119  124   89   82  107 -103  112  -55  -72  -47    1   32   99   18  120  -44   56  -56  121   21  -58  120  -53  -58   89  -97  -11  -48 -117   76  -87 -126   73 -126   85   52 -101   69  125  -45 -106   -2  115  121 -112  107  -50   72  -77  -57  -34   -6  -65   41   64 -103   72  -75  -23   83 -126   18   86   75   20   43   -1   47  -16   -4 -126    6  123  117   -1 -117   96   77   84 -109 -107  -78   13  -44   91  -50  -19   35    3   86  -10    5  -24  -52  -48  124  119   79   43  -25  -52   45  109  -57   34  -19  -46    2  -70  -90   22  -49  -40  -93   36  -77  -15 -111   86 
 117  104  -51   -6  -48   25   75  -51   17   26  120  120  102   38  102  -83  -56  -45    0   75   13   38  -31   93  127    4    1  -78  118   18 -119  107   -6  -42  -27   75  111  -80 -104    0   75 -112   -7   49   54  -33   95  127   50  -33   74  -65 -123  -85 -100 -124   47   29  -73   37  -80  -64   16   42   22  118  -11    5  -90   13 -122  113   30   -1   35  -44   94    2  -45   16   97  -99   79  102  -56  108  107  120    9  -94   29   57  -30  -82  -28  120  -92   89   -3  -54  -25    3  -68 -123 -126   95  -39   96  -31   45  -16  -62   74  -64  -88 -109  -84 -109 -117   53  -75   40  -17   23   86   83   15  122 
  44 -115  -59 -109   16    1 -104   19  -32  -14  -13   65  -97  100 -125  105  -92  -85  124  -48  -65 -121 -123  -12   48  -12 -116    6  -57   27    1  116   40   70 -121  -71  -57  -96   76   39   18  -65  -24   49  -93  -21   26  -57   22   23   23   85   30   29  -54  -50 -111  -42   85  -39  113  -42  -51   26 -100  -44   83  -29  -12   31 -118 -122   94  -14   55 -126   93  -46  -55  -13  105   97  -55    7   -2   19   86   15  105   43  104   90 -127  -75  -12  -99   10  -57    0  126  102   10 -123   69  124   60   71   89 -114 -112  -52  119  113   21   -1  -17  -88  -43  127 -111 -128  103  108 -127  -99  -32  -98   39 
  40   30   37   14  -88   42  -45  -92  -25 -102  125  -11  -85  -55  -19 -100   95  108   12 -121  -63   11 -103  -63  -14 -123  -62   15  -27  -32  -74 -115  126   92   28  -90    6  111  -54  109 -118  -57  -29  -75   16   80  -47  -17   60   93   -9  125  -24   16  -66   91   21    0  -22  122   96   33 -120   94   -3   36 -124 -125   19  -50  113   29   21  -44   82  -91  -92  -92   21   96 -127 -116   93  -22   28 -101  -59  -79   27   47  -85   -5  -48  -77  -39   77   87  -35   81  -21   43   66 -120  -64 -106   91  -27  -70  127  122 -102 -128 -122  119  -22   34 -110   47   83   45  -33  127  -88   47  -78    1   -3 -118 
  94  -50  -11    9 -112   -3   73  -90  -40  -82  -32  -41  -87   -6  -40  -81  -15   66   82    3  -14   37  -80   81   36  -40    0   87   89  125   97   55  -53  -42  -64  -37   83 -119    1  -84  -73   97    3  -32  -37   91   16   76   30  -30  -49 -112 -121   -1   97   44   87  -31    3   48  -33  -28  -25   42   58   39 -122   13   48    7   57  104  -23  -67  -56   68 -104   88   17   54  -70   96   70  -62  -32   39  110  -73 -119  -15  104  -24   85  -49 -110   15  119 -104 -100   39   32   86   15 -119 -109   88   77  -85   48  -34   98  107  -65   40  -83   31  -48 -101   86  -39   12   62   65  -31 -114   83  112 -123 
 108 -116   44   12   98  -68   21  117 -108  -30  -95   68   65 -125   47 -128   43   92   31  123  119  -11  -44    3  -76 -107  100  -62  105   84  -57   85   97  115  -31   67  -81  118   57  -61  -40   90 -120 -103   93   55 -103    8   20   56    4   11  -82   88 -113  -30  110  115   36   87   72  107   44   41   94 -115  -20 -114 -125  -91  -47  -37  127  -39  -11   92 -111   14  -27   37  -57  105  -80  -11   65  -65   87   47  -77   -5    6  123  -26  -78   36  -60  -65 -112  -46  -62  -74   36   30  -75  125 -109 -110 -114   33   -9   51  104  -32  100  -35  -95  -93  -76   81  -42   47  -41  -47 -107   10  117  -38   73 
-122   44 -116  -68  -48   42  -15  -50   61    3  -36  -34  122 -112  -57  -38  116   36   -4 -105   89  -51  -18    8   36   63   30  -82   53  120  120   59   36 -124  119  117   46  -24  -61  -21  108   31   73  102   47 -112  -63   35   53   61   59   14 -118  -87 -106   46  104   52   93   29   44   85  -40  -47   89  -49  -58    7   56    9  114   36  -88   59   10   88   76   75   -5    1    8  -74 -113   18  -33  -91  -63  -56   90  -98  101    6  115  -66   87   76   13  -99  -45  -59   38  -59  105   79 -128  -12   39   76  -65  -94  -51   72  -39  -36  -38   56    2   27 -128  -36   57  102   98   44  -92   58   -8   49 
  87   75  119   -2 -112   96  -51 -111  -44  116   93   20 -106  -85  -36  -17    7   54  -88 -119  -46  -88  -27 -117 -114  -56   56  -78 -126  -80  100   89  124   91  -41 -116   59   36  -99 -112   24  123   36   47  -90 -128  -98   45   54  -58   55 -120  -17 -100 -108   -3  -28   76   48  -26  124   20  -64  120  -17   23 -123  -86  -68  -94  -70   84  -99   94    3  -61   94   34  113   21  104   40   29  -41   68   49   85  -87   -3    5   15   -6 -103   79  -14    8  -25   -9   50   35   26  109   -9   55   75  123  123   42   29  108  -65    5   20   92   93  -40   14   50    1 -117  -73 -111    5  -48   96  120   88  -57 
 -17   10  106 -119   -9  -30   65  -61  -35   60  109  122   40  -84   -1  -68 -120  -36   20   22 -114 -106   34  -59  -89  -89   21 -121  -97  -19  -49   15  120  -71   24  -17   27  -39   50  120 -107   31  114   61   75  -14  121   84   78   14  -22   93   36 -116  -94   75  -76   56   82  -45  -91  -95   98  -99  -37   -5   13  118   84  -65  111  106   95   97   39   42  -45   33   -2  -94  -81  105  127   83  117  -95   30  -87   89  -16   -3  127   18  -33 -100  109   90   41   99   47  105   82   25   72   52  -64  -14 -121   97  113  -87 -112   90  -88   99   79  -54    1  121  -93  114  -10  -94    4   85  -65  -15   48 
 104  -44  -33   81  -89  120   25   91  -72 -116   98 -102  125 -116  -86   87  -76 -114   38   -2   15   31   34    1 -107   68 -123  107 -125  -10   27  108   75  122   61  114  114  -41   77  -86  -29   47  -60  -32   59  -17  -73  112   -3   93  -18 -116   -3 -112   14   18   85   19   -3   88 -118 -104   68   85 -110    2   71 -124   89   20  -81  -68  -61  -13   28  127   98   83  111  -33   48  -35  -20  -83  -18  122   64  -61   13  -67 -101   23  -42   96  -20  -24  -30  -77  -19  -69   71   28   -9 -117 -113 -109 -118  114  102  121  -47   22  -42   61   68   68   55    4 -121  -59   65  -93   92 -105 -125  -55    0  -27 
  -4  109   32  -60    9 -105  -49   24  -86  -39   10 -112  -46   92   38   40   25  -22  -19  -47  110  -12   22   48   23  -14   71   26   59  -57  127  -72  -76   31   -4   61   54   75  -42   96  -92   96  112  -10   60   23  -98  -42 -127   11   39  112 -128  -67   32   23   47  -25  -78  -21   47  -79   35   99   81  -97   33    7  106  119  -24 -114   87  -40    4   20  111   34  106  113  -82   17   97  -82   78    1   69   -3  104  119  104   23  -87   11   -5  122   42 -100    1   20 -109  105   34  106  -62  -90   -2  -79   73  -24  -94  119  121 -125  -91   71    4  106  -59  -19   98  -83 -124 -117   57   -1 -123  -29 
  27    6  120   46  -16   26   25   50   65 -105   99   10    0 -122    1   -7 -119   38  -63   14   16    6  123  -14   51  127   -3  -20   -1    2   80 -102 -119   72   73   -7  -30  -30  -85  -93   -7 -114   45  121 -108  -82  -13  -98   84   52   44  -27  -70   39   87  109   38  -43  -38  -91   87  -86  -64   96  114 -119  -39  -44  -21    4   -8  100   19  -91   94   39  -44  -47   69  -88 -123  -15   13  -65 -104  -27  -84   63   58    6  100   17   48  -92  -14   34  -83   75  119   24  -48  -17   -3   99   20  -37   10  104   44  -48 -111   49   65   30  112   90 -125 -100   25   61   35   -3  -49  -45   34   65  118   79 
  12  109  -24   92  -36  101   63  112  -64  -54   89  108   26  106   29  -37    8   13  -75   12   41   78  -55  -52  -52   24   32  110  -39   22   61  102    3  -91   66   95 -118    2   79  -54   76   40  -74  -26   18   83   65 -101  -32  119   39 -118   69  112  -42 -111    9  118  127   98   12   61   72 -113   98   11  110  109 -115   62  -73   89  -26  -18  -65  121  -63 -128 -108   34  119   59   44   61   43 -126   78  -76  121   78 -105    5   11   95   21  -19  -22    3  -38   -9  -63   18  -48   40 -128   15   33  -63   16   53   99    7  -16   15  -60 -101   18 -109  -48   11   97  -25 -112  -20  -58   37   89   49 
 -87  -76  -88  -22   70   -7 -110   70 -120   51 -121   24  -24  107  -96   88   -6  -28  116 -116   -9  -60   23  -40   43   40   68  113  -51   30   34  -10   82   75   97   24  -60  115  -34  -52   39  -27  101 -113  -48 -123  104   75  -23   92   87   97  -96  -17  -71   75 -105  126   60  -28   28  -33   91  -18  -86   60 -122  -18   47  -28   58  -42   73   31  -26 -102   36  -50  101 -114  -86   60  111  -54  -85  -88 -107  -62  -90   81   39   66  -80    2  -80  -38  -66  -74   72  109   26    3  -60  -28  -94   42   -2   71  120  -29   85  -94  -97   68  -20  -53  108    1   13 -109  -46  -76   85    3   54 -122   93  116 
 -68   38   98   87  -87  -90  -69  -53   80   57 -110   72 -100  103  106  -69   43  -42    6   24   87 -108   43  -87  -56    0   44  127    6   10  115   67  -80   85   26  -39  123   85   36   75   14   55   19   42   30   -3  101  -54   83  -20   98   42    0   13   84   72 -115    0   71   20 -118   59  -41  -70   16  113   19   12   70  -72  -41  -44  111  107  126   13  -24   99   87  -68  -49   57  102   79  -58   58   24  -44  -69  -33  104  -59 -102  -65    0   43  -80 -109  -73  118  -53   14  -54  -70   -7  -56   72   98  -85   31  -98   -5  -39 -124  -54   31   63   98  115  122  -62   91  -65  -36 -102   63 -121  -54 
  83  -66  -64  -98   77   10  -39  -58   82  -95  -88  126   64  -58   -7 -103  -53   67   57 -118   38   44 -124  104    8  -61  -60   34 -125  -52  109   86   10  -83  116  -41   56  -51   30   10  -18   70    8  -81 -115 -127  -56  -40   69 -127  -30  -21   46  -26  -45  -74   41   23   88   44   99   69    2  -18  115   -9   69   43   68  -29  -75  -77  -86   62  -30  -73   63   42   15    4   44  113  111  -38  -41  -62   16 -128   90  -24   45   61  -82  -81  -85  -95   38  113   76  -21  -44 -127   30   -2   63 -128   53   -1   42  -60 -125  -42  -75  115   48   12  -75  -64   13 -113   41  -70   77   87  -23  120  120 -112 
 105   68   -5  -66   69 -103   60    5 -103  -14 -124   67   54 -121 -102  108  122   74   -8  -80 -117 -123  -65   52  -65 -116   11   41 -123    3   57  110  -57  -76  -84 -116  -51  105   17  -26  -37   21  -87 -111   29  -61  125   23 -114  -10   71 -103   -5 -121   77   59 -109  -40  -28 -104   91  -99 -121  -94  -47  -77  -82   30 -100   64 -124   -9  -43  -83    9  114  -15    6   10   -1  124  -47   24   -8  -40  -27  -77  -20   61   23    4   24   52   11   58 -123   63  104   35   91   40   39  -45  126   84   92  112  -59  -30   -6   68  -33   76  -36   87  -92   65 -118   16   -2   33 -107 -106  -43   32   80  -38  -33 
  57  125  -69  -31   36   14  -33   -8  -22  -48   62   76   74    2  -85   22   95 -126   59   32 -116  -53  -97   45  -32  -75 -126 -127 -122  -36  -32   63  -39   27  -96  125  -87    0  -10   19   80  -76  -32   26   54   11  -79   21   14  108  -74   26  -73  -43  -56   24   10  -54   25   16   39  121  -49 -128   21  -16  126   62  112  -12  -46   64   40   50  -38  -34  -67   11  116   75   -9  -86  -26   47   -1   46  -57 -119  120   96   26   31   89  105   32  -18  -39   30  -83  -55 -110   -1 -119   58  -79  -28 -104  -18  111 -116  -70  -25  -74   32 -106   53  -50  -35   63  -58  -67  -39  102 -106  -62    6    5   28 
 -92   50  101  -74  -79  111  112  -30  -45 -120   80  -62 -107 -118   41  -53   42   63 -127  120 -100   64  -65  -39 -103  -91  -16  -37   43  117  119   79   39   93 -123   88   76  117  -70  -97  125 -118  -31 -110 -107 -117  -34   63   74  -33   56  103  -97  119  -64  -72 -100   48   19   71   37   11   22  -52  -24   27  -92  -76   16  -34  -45   13  -23   52   32   -2   63  126  -67   10  -35  117  -15   -4  108   49   52 -120  -30  -57   79 -121   82  -27  -44  -70 -128   -8  -18   16   87   65  -98  -64  -10   62   62  -75   60  123   63 -103  113  -80   21   93   98  -55  102  -60   16   53  -53  -29 -101   31   29 -101 
-104 -116   44  111   77   74  -81  -61    8  109   -7  -60  104  -72  -35   89  -23  114   55  -53  -69   29   15   75  -46   90  -82  -19   -6   76    9   18   88  -75    1   37  127   48  105    7   29  -30   75    5   26  -88  -33 -125 -102 -106  -50  -43   51   93  -96 -123   56  -49  -13  -78 -101  124   68  115  -79  -59   24  -80  117    1   55   18   99    2 -105   -2   42  -10    1   68   12   80 -103  -65   45  -71  -59  -27    8   56   23   35   52  -37   22  101   32  -81 -107   21   48   76  -89   20  -50  -65 -110  120   53   19   60  -62  -29   85    1 -111 -114   70  -10   23   -2 -114  -70  -78  -23   81 -105 -118 
-128  -84   31   48  120   71  -60  -58 -122  -42  -66   59  106  122  125  -51   79   -1  -34   94  -59   85  -11   68   99   47  118  -52    0 -114  -42    0  -70  118  -79  -77   61  -11   -7   67   76   56   -2   54   50   -4 -125    2  123  -30  -32  -64  -73   85 -124 -102    4  123  -26 -123 -119   61    5  -61   51   54  -10  -16  -84  112  -77  120   40   49   46  -38  -83   49   92  -88 -109  -68  -23  -54 -111  -19  -28   22  -24   75   27  -15    8  -96   53  -69   87  -85   43 -125 -101   94  123   67   15   41  -98   61  -38  122  101  -18  -73  -50   56  -56   60  -99   94  -92  104   -7   22  -16   26  -53   43  -15 
 -10  -42  -12   18  -76  -17  -43   67 -104  -13    0  -14  -18  -26   96   37   52   25  109  -16   54   76   21   30  -59  -85 -114   95  -10   57  -48  108 -113   68   -2  -61  -77   84 -122  -53  -57    7   62   53  109   30  -38   33  -73  -56 -110  109 -108   39   11  -39   82   25  -71  -56  -46    9  -76  -31  -50   51   36    1    7   43   77   78  -78   11    4  -97  -87   94   64  -31  -90   82  -50  -70   -7   90   20  -53  -13   77   19   70  -42   72  -89   36   -5   76  -90 -126   -9  115   80   41   -2  -44   72   39  -77    8 -120  -39  -37  -41   20   84  -79  -88  -96   36  117   51  -22  -53   -5   18  112  118 
 -34 -106  120   85 -119   73   -2    7  -99  -58  -82  -48   78  -73   42  -87   14  -66  126   63  -26  -98  -29  -37   81   78   38  -51  -32   22  -61   62   44  -68   19   53 -123 -111  -68  -94  -41  -21  -13  -91   34  -99  -49  -80  -37  -51  111   65  -21  -46 -100  -68  -96   66    9    0  -39   77  -66 -123 -119   81   59 -114   98  119  -80  -71  -30   35  -33 -124   64   46  -76 -101  123  -93   92  -26  -10  120   34   22   59  -84 -105 -108  121  -43 -103 -126  -89   84 -112 -119   76  -64  -61  -82  100   34  -77   36  -48  -25   64  -53   11   28   49 -127   21  -45   23  -48   -1   46  -28   -8 -124   -3   -6  -85 
