-10 -25 -17 -27 -23 18 -38 -11 27 15 -20 -50 0 -3 2 41 -27 17 0 -11 38 -2 -14 -5 -25 -1 -1 -3 -5 3 57 -7
9 2 -2 -21 1 0 12 -13 6 10 7 -19 -13 -1 11 10 1 -3 -7 -7 0 -16 32 -19 -9 -5 -5 8 24 12 10 -9
17 23 1 41 45 5 -35 2 12 28 49 -11 13 13 -2 -12 -30 -14 20 34 28 -24 11 10 -28 -18 8 -17 -24 -4 -16 3
2 9 10 11 6 -2 -11 44 -14 -22 -21 28 6 16 -14 -14 3 15 0 12 -3 2 28 1 -9 -19 -1 -21 -9 3 -23 8
1 33 7 29 6 -9 -5 35 -20 -13 16 33 9 -20 -5 -4 5 23 10 -4 5 13 13 3 -19 -23 -5 7 -2 -11 -8 35
29 -26 22 22 35 54 -30 3 -27 -32 0 18 -21 -4 -4 22 8 30 -12 9 -11 -24 9 -2 -11 4 15 -50 -17 12 7 14
2 1 -14 -4 -26 -24 27 11 -7 -5 -13 -5 -4 10 -42 6 25 -1 7 9 11 0 6 19 -1 21 10 -5 15 18 -35 -5
34 5 -22 22 20 25 -24 4 19 11 17 -19 17 -14 2 27 -26 6 15 25 -4 -2 26 -22 -4 5 31 -25 15 32 -20 2
12 -5 -40 -5 7 17 -6 21 -30 5 -20 14 13 -11 23 -23 -16 -20 -18 -4 -28 17 -7 14 20 -18 -22 1 -55 -4 0 -2
-30 -17 -20 -17 -22 -39 12 24 -5 0 7 8 33 -9 27 1 25 18 7 32 -49 16 37 -19 35 -23 -16 -9 29 1 -38 21
22 -7 -1 -18 -6 -5 -35 23 20 -8 -4 -29 10 16 -34 41 -17 46 5 -1 25 -36 13 13 9 -30 -28 -4 15 4 5 9
-28 -8 24 11 -14 -12 9 -10 -19 18 -20 11 32 2 10 -13 28 0 23 14 0 9 9 -2 30 -33 -21 -9 19 -6 -32 8
26 29 24 5 35 0 -9 -4 -12 26 13 7 18 20 -2 -10 -15 -8 18 28 12 -22 -3 6 -14 -7 -4 -10 29 -28 -26 38
8 -3 25 31 20 5 -15 7 14 -15 -23 16 -22 -47 -17 15 -7 3 11 19 4 -29 -10 18 -28 29 35 -8 4 27 -10 31
-6 13 -9 13 30 -6 0 -10 -27 28 12 10 10 18 50 3 11 -21 35 -2 -17 29 20 12 -10 -18 -3 19 39 -17 17 20
13 1 -5 4 -16 3 -2 -14 2 -14 20 -14 -32 -17 -11 -9 11 -11 -10 -15 21 16 13 15 -8 -13 9 9 -28 12 30 -18
-2 -24 5 19 3 -20 9 -7 -3 1 22 -25 -24 1 12 -6 -1 -46 9 4 -19 -5 -5 -11 -16 5 16 21 9 26 12 -17
7 -26 -24 -30 -35 7 14 3 11 -4 23 -34 -2 -2 -30 -15 17 -15 -18 -11 -9 -32 -4 -18 10 -3 -30 0 -27 14 12 -12
8 10 -19 21 14 -11 28 -3 20 -9 18 18 -27 -13 -3 8 27 -12 -17 -20 -36 1 -28 -5 2 24 -7 10 -3 -9 13 5
22 -7 50 20 43 13 -4 -20 -21 5 -1 16 0 23 -4 -10 11 -8 2 4 0 -13 2 15 0 -18 21 -30 0 1 -5 -21
18 25 -21 13 18 -8 -6 24 -6 31 -8 12 -5 -3 -3 -7 16 -48 3 -13 -43 9 -20 14 4 -29 -9 -12 -20 11 28 -1
-7 33 17 -8 -11 -5 -11 7 28 -26 -8 22 1 -30 -15 27 -28 67 9 10 42 21 -12 22 -4 30 20 6 14 -12 -10 24
3 21 15 -17 -8 14 -10 -6 19 11 -17 -16 3 12 -33 -22 -19 -7 -25 4 26 -37 -23 -5 17 30 -17 -21 -25 -10 -6 5
-6 8 29 35 -14 1 1 12 40 11 -11 10 1 5 -14 16 21 -11 36 -17 9 15 0 -1 -14 3 -5 -11 23 22 -14 -2
-4 7 -20 -1 -19 14 18 29 -9 16 -7 28 4 19 -9 -20 28 -21 -34 -49 -30 11 -2 19 30 16 -47 1 -62 1 -8 1
18 -10 -33 6 -3 -7 20 6 2 -10 22 12 -16 -19 23 -27 34 -26 -17 -6 -36 9 -5 10 -32 -23 -31 6 -3 -8 -2 -4
32 6 -27 -2 -5 -17 18 -22 39 -3 25 5 -11 -18 -3 24 8 9 -7 17 -2 10 11 -6 3 -4 1 -9 18 -34 -38 7
27 -5 -35 8 51 13 -20 9 -13 -17 17 -8 -25 -15 17 8 -12 11 7 43 -5 -24 22 12 -22 5 36 -31 16 42 14 2
25 -25 7 16 14 28 -31 2 15 -22 1 -4 -29 17 0 33 -7 26 8 31 13 7 33 18 -25 25 37 -29 9 18 -6 -11
8 -15 -22 0 21 28 34 -13 -29 4 34 1 -31 17 6 -19 22 -47 -6 -34 -31 -45 -7 17 -26 44 -13 13 -11 31 1 -9
-32 -33 -18 -9 -22 2 -4 18 5 5 -29 -9 21 1 2 16 13 8 -7 6 -30 7 19 -22 20 4 -11 -5 -23 0 10 0
8 21 -13 -7 13 -15 -14 35 10 20 -14 0 7 -18 -8 34 16 19 -26 -11 -15 6 -9 36 14 -21 -26 -26 -32 -14 9 -13
