 112  -52  -84  -90  -31  -19  -13  -83   81  115  114   33   40   87  122  112 
 -19  -37   57  110  -85  -90  -59  116  -33  -73  -19   42   72   15 -107   56 
  92  -62   94  -67   47  -47  -22    0  -60  -35  -94  108  -76 -100   92   33 
  -8   21   16   35   60   85   23 -101 -116 -124   70   84   19   91   12  -17 
 -99  -22   45   77   59 -105  -51  127  -12  -17  107   40   12   72  -54 -124 
 -35   90   39 -103   47  -66  -75   59  -62  123   15   85   86 -101  -59  116 
   5  114   65  -64 -119 -114  -65   -2   -2  -86  -90 -118  114  -16 -114  -48 
 -54   53  -23  121  115   30   52  -75   25  -61 -118  -16  -34  -49  -28   99 
 -63  -91  -93  -53  -77  -30   73   49   13  111   59   -1  -32   73   79   42 
  -2  -71   36  -15   87  -40   38  -15   28   49   97  122 -128  -59   94  -62 
 -22 -127   13   29  -28  -42  -49  113  -59 -118  -16   37   84  -64  -48  -46 
  -7  116   68  -48  -52  -22   65  104 -101   34   99 -100  103   65  -34  -47 
  66  107  111  -90  -63  -66 -105    6  -56    8  -84 -100   72   -4  -17  -63 
 -16  -77   17   60   29  -45   37   57  117    8   85   93  -55  -77  -82 -117 
 -98  -99  -78  -33  -37  -55  101   36   81 -111   64   25   13  -81   90  125 
 -30  -20   58 -128   63  -33   57   52  103   14   17  -80   65   64  -69   95 
  93  -19  -66  -71   55  -93   93    8  -75   29  -94   66   77  124   64  -81 
 -24   -6  -81  -89   89  104   92   64  -10  -19  112  -73  -83  -85 -106 -117 
  25  -44  -60  -48   -8  -95   88   45   62  122  -17   11  119  -81   59  -33 
  41  106    7    2   83  -29  -62  -55   80  -78    1  126  -34   23 -119  119 
 108  -51  -57  -28  -18  -97 -111  -84 -102    0   56 -111   48  -13  -16  -39 
 -35  119   92  -80  -38  -98   -6  -85  -47  123  -87   47   18  -78   38   -2 
  -1  109   98  109 -116  115 -103  -90  -12   81  -73  -92  -60   40   -3   34 
  31  -39   82  122   -8  -52  -91   73  -57  -50   -8   90    0  -98  -40  127 
-117  -69  108 -105  -82 -123  -66   34   87  -11   70 -101  -99  -60   61   61 
  29   16   55 -107   92   92   94  -92  -86  -42  126   42  -12  -42   41   -1 
  17   21   23   64   26   85  -30  -15  -54  -87   13  -24  -19  -54  -91 -118 
  90   92  -96   55   56  126   91   98  -43   89   12   73  -81  -75  -55   65 
  74   96    1  -28   53   99   86  127 -116  -29  -25   -7   45   12    4    8 
 -24   36  -65  -96   34 -102 -126  119  115   14   65  -94   67 -118   99   13 
 106  -28  114   31  -56   72   30  -44  -85 -122   78   88   18  -46  -32  123 
 118   31 -101   24   57  -98   16   44   44  -47   79  -16  -37   50  125  -59 
-105  111  100  -33   55    2   51   98    8    1   59 -101   83 -101 -106   73 
  59  -79  -30  -12  -49  114  -95  124  -61  112  -20   30   34  -23   99   57 
 -39   71 -104 -112  -55   76  115   82  -51   46  109  -95   73 -125  106    4 
 -76  -52  121    4  -66 -102    0    1 -118  108  -97   44  -43 -126  -26   46 
  73   -2   63 -109  -54   50  101   24  -32   82   57  -87   85   35   46 -119 
 112   39   13  -82   65 -115   48   75  121   79   -9  -49   82   93  125   27 
 -36   60   46   38  -18   19  -66   78  -27  119  120  -70   27   38  -60   11 
 -51   81   57 -114   95  -23   89   88  -71  -48  -89 -117  -82  -91   38   10 
  97  -43  -80  -48  104  -17  -98  -50  -26 -106    8 -127   60   76   12 -119 
  30  -58 -105   -3   47  112  -43  104  -63   -3  115  -17   34   26  121    3 
 111  -87   83   87   24  114  -91  127 -120   46 -128   69   -6   13   78 -104 
  83  102   21    2   86  107  -21 -105  -24  -34    6 -118  120   -1   13  103 
  41  -31   63  -63  -45  100  -64  -37   18  -63  -96 -115   78  111  -91   33 
  85   59  -93   43   38   14   67 -114  109  -55 -104  101   73   37   77  -14 
-122   12   51  -39  -16  116   53 -125  -75   85 -112 -125   68  -75   36   25 
 112   71  -59   22  -42 -120   36  -61  -47   60  -88 -102  -30  117   12  -24 
   1  -64   66  114  -76   -9  117  -23  -52 -123  -20 -111  -70 -112   42  -85 
  87  111   65  -83  119  -26  -16  -55  -94   25  -29    4   14  112  109 -112 
 -80   47 -126  -28  -90  119   77  -14  124  -71    3  -74  -55  -82  -31  -96 
 -99  -93  -50 -107    9   62  -34   43  -41   65  -80  102   49  -99  118   97 
  76  120  -59  114  111 -110  -28  107  -53  104  -95   20 -106    3   53  -77 
  38 -125  -56  -81   65   38   90 -103  -24 -118  127 -103  -89  117  123  115 
 109  -64  101   92  -45  -54   71   30  -78  104  -77  -56  -21  104   -5 -111 
 107   68  -64   44  -22 -101   69   82  -91   68  108  -51   57  103  -64   38 
 -89  -90    2   -6  -16  -55 -103   34  -78  -52  106   29  -76  -27   47  -97 
 -87  111   75   20 -118   17  -26  -80  -43  -46   -3 -113  -71   61   53  -31 
  99  -72   91  -45    1  116  117   51  -64   95  -47  -12  -59 -128   19  -18 
 111  -33 -126  122  112  -23  -86  -59   59   39  -44  117  -28 -118  -42  -56 
 -62  -79   27   67  -90   17   -9  -26  -16   72   91   53   72  -18  -92   55 
  77  -90   49   61   15   91 -125  -53    2  -41  -64  103  -31   22  -81   35 
  71   74  -25  109  -37   94  -44   76   38  -81    1  -18   29   37  -91  -21 
  76   87  -88  -37   50  -85   38  -75    3  102 -100  100   -4  -53    8  -60 
