   74994    88789    66133    13220    -7576   -22017    13980    52357   -59704   103914   -63616   -17820    45526    -1331   -39783    22396 
    3598    61194   -31203    27438     9693    12593    35020   -24330   -19584    -1170   -41244   -55787    -6533    56199   -24983   -29880 
   58476    -4649     1624   -46807   -32117     1492    53640    27142   -49242    71441   -99314    42188    -2446    12558    51419   -32032 
   -2439    39886    12885   -39249   -11955     6589   -46221   105430   -48251    13870   -42251    40237   -28760  -131964    42535    13469 
   99971   -19362   -48885   -10881   -69704   -28305   -20439   -13103    41300   -23426    59465   -43252    19483    34579     6700   -45958 
  -66260    11972   106775    34397    -8590   -22122  -127839   -40703    23169   -65104   -48777    59677   -12925   -21124   -74546    62774 
   10749   -45684     6128    65382    31336    59017   -20864   -18774    -1296   -87873    72203     8688    -7702    58505   -52193    -2698 
  -53707       26   -93130   -31867    14004     3906    17103    62413     1699    32020    11186   -15218   -22115   -38464    47587     4271 
   31840   -49996    -2883    14098   -25319   -36801    50763   -36503    18576   -42746    58460    61298   -31996    16121   -36651    -5388 
  -78588     7322    -5586   -14844   -51675   -21715    18610    14510    51363    36703    40122    12196    77363    33237     4591    49130 
    8469   -82582    -8124   -33187    39360    72848    31970    39673    33315     4886    57841    18288   -21319    -7798   -47893    10339 
   28296   -19851   -31899    20802    10913   -31453    31690    52702    13361     6389   -14356   -15094   -18971   -33596   -11440   -26094 
   82421    33970   -37112     2856     2538   -27634    26843   -55529   -27990     7805   -85151    13391   -27748    19621   -22308     4973 
  -56889   -52785    41750   -50286   -15033    48726    27524    -5312    65604   -91132    22545   -96011    12374   -19780   -27152   -33914 
  -95856   -63929     9375   -50740   -44099   -22197   -21607     3228    53917   -16707    25325   -66653     3718     5333    -1785   -15812 
   46888   -25989    52754   -70076    38791    30389   -35448  -126714   -72642    13743   -57974    38192   -26859   -44231    46364   -12248 
